(0.15417928231234646,0.852278370507158)
(0.24502935495694575,0.7740366999958308)
(0.15730474474395303,0.8439211829542478)
(0.18919950019472395,0.8094693682774382)
(0.06664251066459749,0.9264462421258352)
(0.11083978175084697,0.8637708763568318)
(0.12251693328140459,0.8555509452400148)
(0.17397612939187296,0.8268232770725656)
(0.21486196878779634,0.7944880872518364)
(0.09590368899113633,0.8825692507810842)
(0.1711550456115317,0.8293480914459549)
(0.23128102435296183,0.7678019126074003)
(0.17458538915088717,0.788690393561221)
(0.13762222972030552,0.8260533484687415)
(0.12334728841968584,0.870323306644228)
(0.18902132720688797,0.8281184124423673)
(0.24602015932183183,0.7908614611127263)
(0.13598185673114785,0.8603545728678818)
(0.1383531442140469,0.8303567723324703)
(0.14578479902859828,0.8567355469268265)
(0.19984114327697142,0.8150322438605835)
(0.17821219081952852,0.8033650241051375)
(0.16589011039955992,0.8281913030938226)
(0.1619768240649845,0.843028870694667)
(0.1251737918537569,0.8879462008508127)
(0.17423145467735826,0.8172243950730486)
(0.21065781940878844,0.8083156863009041)
(0.20304959795025246,0.7831051175893502)
(0.18567644184907198,0.8073137910293091)
(0.14964004269985348,0.8503267905297985)
(0.13857478637358028,0.8739462040542768)
(0.18029124780924774,0.8152633364003635)
(0.22250387959004253,0.7817678959553929)
(0.14961611329561783,0.8373528446801316)
(0.13195615115470194,0.8546607623323682)
(0.15642535183500092,0.8391304373496336)
(0.15884360863675176,0.8141883519004752)
(0.2152433141081291,0.7782343003128283)
(0.1300461847306397,0.8407875339541235)
(0.2206875742591896,0.7886702896615643)
(0.2154703410782522,0.791137396705556)
(0.2011396262705067,0.7915351633755909)
(0.16866479998408992,0.8326168545470484)
(0.1551947562997471,0.8602933204834694)
(0.15326223592518778,0.8546330491019339)
(0.17596256139884786,0.8225618322193925)
(0.15545688633299903,0.8409651207267324)
(0.19846255828483403,0.8049591921546112)
(0.12643429593146935,0.8764936695758372)
(0.17440085481285583,0.8198830216118026)
(0.1620073442867317,0.7988025259942215)
(0.1342449747296386,0.8505718958868503)
(0.18069327534422347,0.8399881543757335)
(0.1628607699843395,0.8451794573294299)
(0.14980326909205874,0.8347244061670515)
(0.1951333971774786,0.7953435120813523)
(0.1118673092665271,0.9160379877039654)
(0.2804906435383003,0.7136871706271918)
(0.21510695993151788,0.8015746052348307)
(0.17094357276582106,0.821438596845196)
(0.23260868955154196,0.7969867727956582)
(0.2072620752267081,0.7816775838307084)
(0.18415226602156134,0.8357384951065561)
(0.12776528258409917,0.8529776089693504)
(0.14749946950226375,0.8221847458439524)
(0.102487035877938,0.8569075398981437)
(0.19486177580509312,0.8285464717695299)
(0.1256265374709587,0.885092827814371)
(0.1777359166322712,0.8510373574031118)
(0.21562218863932123,0.8050809110434329)
(0.15750415494663852,0.8319646405554827)
(0.1503260862487883,0.8663220710316341)
(0.24959875148480687,0.7728373669191925)
(0.19030533378459977,0.8033437745177854)
(0.1762992498843274,0.7981489467545836)
(0.1518132017279445,0.847258839739934)
(0.08700361346211244,0.9114494431542771)
(0.1461890836577003,0.8889567741607759)
(0.1727538356448663,0.8057942272467428)
(0.18167447480136262,0.7903881145211565)
(0.14208413747906892,0.8655731679486733)
(0.17549076695431523,0.7932675734593456)
(0.17331048618780673,0.8288544843736624)
(0.13816106378199844,0.8400307827887327)
(0.14789291703338206,0.8572541712082068)
(0.17797823501790122,0.8563596459212409)
(0.1773733385629321,0.812151183727053)
(0.1969685833011811,0.798749882231478)
(0.13986959869653148,0.8783549483928209)
(0.1565024208512118,0.8589767211676054)
(0.15154287837436456,0.8454759499918628)
(0.261602652802795,0.7560042476072649)
(0.1970094072573833,0.8041460559653211)
(0.09017045424132517,0.9144184675463453)
(0.09898295173716584,0.8669908448642484)
(0.11672511606011253,0.8522979697747128)
(0.20221478104659604,0.7833840916019267)
(0.1554686111165633,0.8563133232679373)
(0.2330478665077125,0.779234254732908)
(0.13618720406299642,0.8513001998351326)
(0.18530490263804408,0.8179287909612919)
(0.19176724651300253,0.8063020167739418)
(0.09641242154073157,0.8901544695751792)
(0.15857626912051612,0.8389882107358805)
(0.17171875359446725,0.8270840780612265)
(0.10680776942449166,0.8818723997267306)
(0.2660614596893776,0.7443946544802044)
(0.15282897063484474,0.8552250750310626)
(0.1411099337952149,0.8357245057411046)
(0.18959337184630926,0.8401612855795239)
(0.22078424835913762,0.7764354810462183)
(0.1758592901935154,0.8369401051595917)
(0.19798377051242266,0.7940886277964884)
(0.09930630269208883,0.8834600348755111)
(0.25905658136863263,0.761899351778979)
(0.14626976073679349,0.8455828648222736)
(0.17757588589637763,0.8308184512474941)
(0.12828876042127546,0.8483872505311431)
(0.1550694565987069,0.8281968808717715)
(0.14514170163872478,0.8315483001622002)
(0.1326135676290451,0.826593649983985)
(0.2479851026772246,0.7837293433508942)
(0.19037628088325742,0.8197987721571649)
(0.1999520227320658,0.7738291350333976)
(0.1995659161175094,0.815394142007157)
(0.21973582535120817,0.7711870317802825)
(0.1813105059631428,0.8138705423790327)
(0.19005322095990065,0.8254727381778901)
(0.17850303512244264,0.8085121634472302)
(0.17170657366493106,0.8274182287138595)
(0.13602142841483977,0.8585632342612682)
(0.12170566760238284,0.8553856282544)
(0.17018067288524674,0.8505565935272642)
(0.1753488924416962,0.8212783993590684)
(0.13608625287108714,0.8673136842661712)
(0.14282782702699892,0.8317093879659256)
(0.15764150559440845,0.823167712637327)
(0.20799289355749498,0.8215312790021905)
(0.1871811708167844,0.8314168961141227)
(0.23619341719911752,0.7931289355357285)
(0.18819856438835858,0.8082245957161762)
(0.14750069857738754,0.8471523208584902)
(0.11514618390847607,0.9102610706522185)
(0.20280465978411846,0.8032123653498369)
(0.1349490274995359,0.8504249709102553)
(0.10125334172042516,0.893099724825798)
(0.24590318892311833,0.7762683102399555)
(0.15928989200878874,0.8316109335471858)
(0.16636405905176188,0.8483363014057012)
(0.15345132763364208,0.8207815157905767)
(0.132042572956792,0.8728625105764558)
(0.16849664598296052,0.8433800264639801)
(0.17200864184251183,0.8186239504425502)
(0.1863148834931837,0.7906542510796346)
(0.2311006732055071,0.7983916968983168)
(0.1688013409289857,0.8447629155092324)
(0.22199054815110736,0.7834691742659659)
(0.14629933956210645,0.8489398615761443)
(0.17484572905277512,0.8150805462818828)
(0.19146573427242156,0.8060311284041585)
(0.17150849135580437,0.8439171186057892)
(0.18745421127900858,0.8134832386563764)
(0.18512249038085454,0.8375586897630796)
(0.1020936778214331,0.8753653787866166)
(0.1674538457162809,0.8221360401955333)
(0.16973556790818678,0.868490795708406)
(0.11631714541257931,0.8708694983413331)
(0.1557374113069338,0.8677237371279579)
(0.12713371478869886,0.8648115458835186)
(0.1440708760075754,0.8652006307433059)
(0.11146474993552236,0.9049507926269454)
(0.15628444531082727,0.8287667746613047)
(0.17694380080878117,0.8200228220082062)
(0.16220633893426908,0.8274061972067038)
(0.16781800484671644,0.8335486338332151)
(0.12351280460971999,0.8516997596723934)
(0.2658991241363227,0.7536619265649596)
(0.21665332467118942,0.79947703760588)
(0.20303822880514177,0.8083035266175439)
(0.19457128387522515,0.8193919540691607)
(0.12313709586909281,0.8578230306036941)
(0.23356194288999468,0.7977231766820742)
(0.1325206057841167,0.888480729945753)
(0.11687209371274739,0.8654205464389012)
(0.1604174178720071,0.8308830802199627)
(0.08899084605331477,0.8808372761979404)
(0.11988213667958407,0.8759957435259583)
(0.19302107171368674,0.7933685333861505)
(0.09366420617851873,0.8746049825813128)
(0.1601959455933601,0.8278792127339223)
(0.1697392081114127,0.8280546205222048)
(0.18446323802589035,0.8227641550174838)
(0.1474291726234449,0.8263249149989081)
(0.16325532699680118,0.8547121301969643)
(0.1416154823689694,0.8585246286438853)
(0.16602660930400873,0.8292683042161256)
(0.1661974617893247,0.8408350144011154)
(0.14016141384506392,0.8734260188407399)
(0.20073861041333443,0.795314865973492)
(0.1495082407818486,0.8487297588711747)
(0.17086069447346885,0.8271877208273223)
(0.1764314422763302,0.8408342192474819)
(0.13183516565623601,0.8804862394787796)
(0.24495401785888585,0.7686613605141002)
(0.15719462838215847,0.8231526524387426)
(0.1358872953267738,0.8648686854486646)
(0.22406426617051028,0.7842962841598058)
(0.14492253907905334,0.8451121718408302)
(0.1887171824180564,0.8108577622145434)
(0.21218036095856044,0.7845728976043331)
(0.16247961753884832,0.8625108972432489)
(0.15647991917212858,0.8367668214224446)
(0.1956312295853721,0.8070826715779406)
(0.10692082728744266,0.8671187221023867)
(0.21788157006441491,0.7892308547005845)
(0.1758240424513389,0.8292402457456928)
(0.19886333128204944,0.8301279260574546)
(0.14658133889435404,0.8767172362405317)
(0.2017447783369537,0.8238828137412528)
(0.11361198642975091,0.8606678224739791)
(0.1993505710700877,0.8053039427857496)
(0.19171939657733617,0.8130220273654006)
(0.19019331065771716,0.7990301415915714)
(0.0995270583661354,0.8775245945745733)
(0.1894320933502061,0.7957464451291353)
(0.176251721563467,0.8212784946116582)
(0.19778311980963165,0.8083403955467129)
(0.2095229475265281,0.7962700495972296)
(0.14282078399446857,0.8612058103379175)
(0.19799694038896137,0.8150289747658601)
(0.1229340412672755,0.8920642186120599)
(0.13524857808248206,0.8575507330447278)
(0.15302745287232639,0.8751882604798072)
(0.1657741335540808,0.8300293975498273)
(0.1888731685665039,0.8123970895763826)
(0.2022813545412845,0.8108607522582176)
(0.1643301560803035,0.8126615083533998)
(0.1611857951279503,0.8270324971787372)
(0.17448980247545567,0.8139183857848318)
(0.14783035327727312,0.8483501682914757)
(0.1532109541693578,0.8461202897141623)
(0.11934992810856652,0.8520713673347698)
(0.15311531727855132,0.8237806177046514)
(0.13398338039415505,0.8934246744592199)
(0.23833558137739355,0.8072256584747993)
(0.11098960591158312,0.9040525585079414)
(0.1449238579430654,0.8721762355857562)
(0.1507473467770527,0.8442776272988661)
(0.19125612160047437,0.8363121012633794)
(0.17636958833224875,0.8434071911294475)
(0.18821906980017952,0.7986635831371502)
(0.1387927873263424,0.8911819454358936)
(0.15984622398919743,0.8579825476878052)
(0.18465738568947299,0.8129025577258069)
(0.1726962265100576,0.8575051464432597)
(0.10283679927253002,0.8699861658907395)
(0.15019410896481047,0.8340792307056083)
(0.13727945113888282,0.8623310680359818)
(0.14762400053969882,0.867970276154326)
(0.12630148797344584,0.8579265845244901)
(0.13791355858438964,0.8452168640517539)
(0.1997942264908641,0.7907166951612364)
(0.1577932485523224,0.8560213878978904)
(0.09470381136917132,0.9101099991491887)
(0.1026347717677297,0.883138754771171)
(0.1274859422284285,0.8616606918338539)
(0.16422071621600062,0.8400171801336792)
(0.20392115231625188,0.7802068394764573)
(0.14878738823902932,0.8425787351336681)
(0.2153912744170499,0.8129037352735611)
(0.09665058602090376,0.8874199295135403)
(0.13320555676220475,0.8752103285193232)
(0.14577096853696492,0.8695472787182126)
(0.1722935041278718,0.8479882585060328)
(0.16224508652691927,0.8326264167903038)
(0.1832653519087448,0.8114557903650977)
(0.21142047963391875,0.8135513737916721)
(0.17852086749781135,0.8290229236647764)
(0.18518186760930855,0.7996658899947421)
(0.18732224729000985,0.8260222303195609)
(0.13600230594969304,0.8679387696636618)
(0.06789853523148517,0.9248370223093418)
(0.2129763669225814,0.8261964864097302)
(0.17881634153367484,0.8235449553013818)
(0.15372150941718157,0.8452726043705656)
(0.11946472760961534,0.8767666758449952)
(0.18082356179295958,0.8387099657068242)
(0.22134348125341183,0.7837964532885104)
(0.16496538806020805,0.8619334053751811)
(0.2054491327694992,0.8028404261787911)
(0.12211483151068839,0.8675183971208512)
(0.13225568881355498,0.8794753198173527)
(0.16949076950666378,0.8439633987551141)
(0.16391105188312685,0.8239414013383236)
(0.18857862826928223,0.8257320929424734)
(0.14136618138315118,0.809993723787337)
(0.17343228020189258,0.8444406067939197)
(0.22207243607232216,0.7974286057620001)
(0.12580732665139913,0.8558147958684003)
(0.21041185941969548,0.7813446529338677)
