(0.2348977199426805,0.7833536022089319)
(0.1504013256583277,0.842653622596894)
(0.12884135963931073,0.871946246059144)
(0.1717929071925393,0.8136541793046462)
(0.15126275420949215,0.8214670011249358)
(0.15399144501732526,0.8369608589225759)
(0.20783380590570733,0.8047448786207209)
(0.1856785228498714,0.8172903114119076)
(0.15374118927654132,0.8434461362088458)
(0.12238526246824058,0.8605014075808998)
(0.12938042685183124,0.8759228030684031)
(0.1501683859848598,0.8474706481000251)
(0.18194406218273904,0.8360782863128381)
(0.1499009635660355,0.8314020837357181)
(0.1461833835631462,0.856733332303963)
(0.1817951618570385,0.8309884241813105)
(0.20701492132424146,0.8078796781276667)
(0.11647160441539844,0.8614637690033902)
(0.18883180764676846,0.7991103235633714)
(0.15754235403449365,0.853331729803248)
(0.19962462391956132,0.8151857347891325)
(0.13546548167494035,0.8665115826762289)
(0.16474298023388387,0.8390790559570418)
(0.18087529967155694,0.8005320313056069)
(0.17253757058861907,0.8336185429415373)
(0.19826790566558994,0.8211093599582779)
(0.15064214379708457,0.8602482887252837)
(0.131333567197957,0.8658414079654634)
(0.19251195289432166,0.8064340015326639)
(0.17863096473607776,0.8177744080697109)
(0.19078749368953343,0.8298761508740293)
(0.16747518414780002,0.8448750147680921)
(0.13826484310952208,0.8607264549647344)
(0.20733108360430907,0.8316132108014347)
(0.20824041155974535,0.7952993989299177)
(0.14140625881442562,0.8555089266809853)
(0.16999874380729335,0.8322533420172177)
(0.12090679540980129,0.8466727483210488)
(0.17216529140381875,0.8433707124309113)
(0.19016306640225528,0.8100843400132245)
(0.14826371408758673,0.8455729124960205)
(0.16399832209284382,0.8573227728183818)
(0.18363258417562625,0.7961976975040299)
(0.18077839142864932,0.8168318160692399)
(0.221919136561334,0.7975158998037086)
(0.16349400336746972,0.826515009193927)
(0.1911032832816557,0.8305819760775446)
(0.15333167123616703,0.8504107057846545)
(0.1270861825790594,0.8776004080121322)
(0.15735842673399583,0.8396170009874172)
(0.15119638366819346,0.8556678146703777)
(0.14943389645865798,0.837097889309366)
(0.15154441185394518,0.8379439528693404)
(0.1368968458035787,0.851320609178358)
(0.17166723289227123,0.8206289224518732)
(0.16414895825456743,0.8688928566852316)
(0.15481734293300373,0.837414617455572)
(0.2127002667989181,0.7972995191616609)
(0.1491962604532307,0.8470082558849242)
(0.16700175333247128,0.8199617247838873)
(0.16555565192885496,0.8502898304597789)
(0.1593566923068644,0.8238565028606708)
(0.1435775218232999,0.8454402280128955)
(0.15774274748423714,0.8498545341734225)
(0.19465792606745522,0.8073663028837919)
(0.12622155932911863,0.8603267268576543)
(0.14701777090628823,0.861597862649346)
(0.20835427051515018,0.8184700098235566)
(0.20214923377455185,0.8116545048889144)
(0.19983516426888154,0.8130898680522167)
(0.16466027243343093,0.8320337112719539)
(0.1771186911245844,0.8191889624417039)
(0.17110318434424063,0.8330644526508828)
(0.18188263346043018,0.8243284859934727)
(0.1639248430549904,0.8233655307482246)
(0.16741055503545318,0.8513460641392353)
(0.1885777808400254,0.8200923624781274)
(0.17319680912187477,0.8447418368166323)
(0.1548947183092005,0.8456062937266141)
(0.19910547957287086,0.8256643816781604)
(0.16268033811968446,0.8399325550336965)
(0.19924392890140386,0.7876201504446905)
(0.17774372785263362,0.8357084407516436)
(0.20641633254348515,0.8042663042033481)
(0.13933795546419958,0.8585919527420489)
(0.1859408173790038,0.8167523552153529)
(0.11784650781108279,0.8811448973051111)
(0.14660328248549406,0.8525214457192527)
(0.19141893441152855,0.7767751470143046)
(0.1718044308132338,0.8307262875265894)
(0.1529229570955352,0.8422556584608537)
(0.14489441387745475,0.8489340686074123)
(0.17918020173643442,0.827029074051448)
(0.18138322636597345,0.8276633089784338)
(0.12858499293105463,0.8637657235530612)
(0.1822313918653033,0.8175940170022458)
(0.17011441094208887,0.8389546194420271)
(0.1850076904851203,0.8298151842566847)
(0.17656386002637162,0.8324461861012559)
(0.1524927736271848,0.8484715258252811)
(0.1694089443449593,0.8372059472149639)
(0.1587009116905855,0.8482590369386175)
(0.15528121138092868,0.8318229138399745)
(0.17715170504098215,0.8219181695003197)
(0.19880294734051676,0.8179599008310402)
(0.15911452082512237,0.8298507286691825)
(0.2095417318642455,0.80995042398647)
(0.18422494227243832,0.8330160016917748)
(0.19259209184811832,0.8146280152403936)
(0.16978656968505568,0.8400992716885856)
(0.16965845153981315,0.8334675166890213)
(0.17956055775204618,0.8371339145564015)
(0.15995641358203827,0.8388715397625272)
(0.14765841387433232,0.8636549052213913)
(0.19343552268159753,0.8144742557289678)
(0.199148863464529,0.7916837201178208)
(0.12199176278895821,0.8440404346594772)
(0.19176857157351476,0.8129657562227656)
(0.16634840642932613,0.831393598757877)
(0.16083013990862258,0.83216871965819)
(0.1917231970837104,0.8232419509148573)
(0.15174229957185223,0.8298321631192028)
(0.14121130246902283,0.8489778937752326)
(0.1745389246605528,0.8257509451893964)
(0.17479788004596822,0.8168543618831754)
(0.1687632228782456,0.8389730083760685)
(0.11635614423783788,0.8659973741544112)
(0.14274570443182955,0.8773667000312407)
(0.1572944993851866,0.8258556035398854)
(0.15512092392395674,0.8486518647675475)
(0.14508911381812026,0.8300151232556213)
(0.15632692731848177,0.8440479921554151)
(0.17417336603683825,0.8285289186291963)
(0.19559107161957157,0.7962831697033522)
(0.15596180302328477,0.8177639077348369)
(0.1405850246544307,0.8711380295757835)
(0.14378791349457468,0.8626670022306259)
(0.17040587211767,0.8233496857526956)
(0.1729150061631168,0.8351734995234276)
(0.1333333403080347,0.8452165043039988)
(0.1300944501567714,0.872481560184641)
(0.16233783639360405,0.8189606347973348)
(0.15667129762643583,0.849425646490956)
(0.14887880547245308,0.8264876277502345)
(0.14830834118855016,0.8485687442341089)
(0.19464439884842466,0.8222184222022533)
(0.1672379024584974,0.835878284059503)
(0.16779653762042532,0.8486843369919002)
(0.18912633416995578,0.829873399130813)
(0.20177634139012302,0.8230340353887227)
(0.18357576951771173,0.8284902545004618)
(0.20853259038178842,0.8084180031353898)
(0.14718303117057585,0.8457817311161268)
(0.14142353323076484,0.8659607516672431)
(0.16911000244519192,0.8315151703721806)
(0.18678274084653523,0.8283191658077825)
(0.13958584720175185,0.8405327121432074)
(0.15908835204966926,0.8186300073430135)
(0.16717220922132908,0.843963741002261)
(0.18170235917267816,0.8230374653387169)
(0.19278601224029374,0.8212191827924153)
(0.16389683438315136,0.8347086929197802)
(0.1808555938720335,0.8286053153566147)
(0.1772785692612724,0.8380903207054622)
(0.165655812556685,0.8224396526721774)
(0.1954683378085045,0.8235960938444229)
(0.1344902299660138,0.8615262095000671)
(0.15731291316665044,0.8388535002655331)
(0.1557726427893679,0.8228857809219134)
(0.12951367898768132,0.8489021588346307)
(0.14810984782647824,0.8478573262493797)
(0.1688331105314369,0.8156239632233935)
(0.17742126779797202,0.8072943513430573)
(0.18541256016815955,0.8163129225300594)
(0.15578390664621555,0.8529571585631538)
(0.2375832875187865,0.7880962788100727)
(0.15178954450380952,0.864760159083013)
(0.14925112965172713,0.8687522610955473)
(0.12239896702450466,0.8731668451048322)
(0.10885766771081752,0.8746505909971017)
(0.15596303305168235,0.8311335864625072)
(0.17780953805841296,0.8399079332140327)
(0.15775632392431999,0.861455094801073)
(0.17503739924017717,0.8198410003931614)
(0.15746754331396484,0.85784306715427)
(0.19629373100318406,0.8107407045594122)
(0.2090834243602647,0.8107946569927033)
(0.19136110824860655,0.814056633414882)
(0.13509684774469136,0.8642592094606194)
(0.16905309329091264,0.847079579201361)
(0.20052025156826978,0.8230329661613675)
(0.19087868797172403,0.8074122644352468)
(0.1716288374906566,0.833099952965739)
(0.11908593774345835,0.8443013977773666)
(0.14980066302912542,0.8512636271258273)
(0.16719328062432864,0.8156265978159903)
(0.15636994159608172,0.8427659859553585)
(0.17259684037414427,0.8378983501420244)
(0.14706297441668895,0.8501512103796623)
(0.19026533489951508,0.8212269576741108)
(0.13939654851154634,0.8725771920515157)
(0.17145284754185675,0.8317255381263061)
(0.17178350739093826,0.8198929383439767)
(0.14465194892084493,0.863099155358381)
(0.161389452235714,0.8330753680894529)
(0.17526360540287003,0.8238751052099729)
(0.13724496811025125,0.8921679725339857)
(0.2015567622899037,0.8007639099954145)
(0.18348726299845236,0.8193395600623772)
(0.19587316420031103,0.836701290434227)
(0.1354978689268832,0.8490628008482303)
(0.1315507198310695,0.8580943078237794)
(0.1731199174127723,0.8455535507233507)
(0.13827294743341154,0.8345727966558111)
(0.1540444473218395,0.8407031202101005)
(0.1976253038679239,0.812765262841088)
(0.17999513671096745,0.8117131768413793)
(0.20193033975008978,0.8079058823835983)
(0.1751101099261784,0.8288098878672827)
(0.20350032675177498,0.8039149139566464)
(0.17549567164122867,0.8365440322287363)
(0.184419659525752,0.8186851089124132)
(0.1768407484498287,0.8227418056153384)
(0.12782138386944425,0.8627861788112776)
(0.19426310257365584,0.7881996721616635)
(0.1900703080270515,0.839395088239539)
(0.18753906519521685,0.8124953954542788)
(0.21367176151880285,0.8023042404676427)
(0.14491109896164814,0.8406714793785602)
(0.1597751769290876,0.829413403325104)
(0.17559305824951477,0.8175147935813235)
(0.16025556501988128,0.8574209658547456)
(0.14131745770436735,0.8638934028399472)
(0.17348773400916084,0.8229121794910681)
(0.15467542492916736,0.8592277550515481)
(0.1486023928263983,0.8373372133396156)
(0.1586362058885733,0.8370149203943259)
(0.15883459741190495,0.8494197361408327)
(0.24689567292920708,0.7628748955229732)
(0.1986070902679926,0.8155051235076454)
(0.14683597913660804,0.834810863243921)
(0.20508668380009112,0.7993245592557806)
(0.17194723779565416,0.8410524699998901)
(0.15404752205758337,0.8432732007272177)
(0.20676647839547727,0.7975883716025226)
(0.19085589088707755,0.8269926190879723)
(0.16459302864149533,0.8339192176697499)
(0.22756771648072735,0.7938898613848128)
(0.14852722157424134,0.8415660196042216)
(0.11319038490140744,0.880154825919705)
(0.12401275542584289,0.8656042123096114)
(0.16378674494512988,0.8317345193815388)
(0.22094380964514537,0.8049047312586499)
(0.1807498762493737,0.820950145529811)
(0.15194814001690451,0.8520597637794929)
(0.1372345404746528,0.8481027857532887)
(0.23577775345945848,0.773687938310146)
(0.1435028976529302,0.8258040491408823)
(0.19367432528936696,0.8362810734100715)
(0.16194988419599216,0.8389311625099286)
(0.18401680002779,0.80874514922544)
(0.16150437020654934,0.8512313650470751)
(0.13612879943864892,0.854854659716065)
(0.16239158577592058,0.8272816346469608)
(0.15276354515061016,0.823746061544211)
(0.19680975795935665,0.8124567385248)
(0.19577571140961014,0.8070727378716323)
(0.1929348238168603,0.8417069182039622)
(0.17387056218480895,0.8449242844551039)
(0.17733074890502115,0.8419862935179274)
(0.14858270778548677,0.8452080484195413)
(0.18517217153279023,0.808223857366704)
(0.16090486021040273,0.8504080200402053)
(0.1921956746996566,0.8263562834317171)
(0.19258241191059233,0.827070420844726)
(0.1507840344253621,0.8317564070150149)
(0.15381179201012926,0.8631001733132089)
(0.15832944196322948,0.8538324114427693)
(0.14462667006888452,0.8460127946716159)
(0.19249723153418327,0.824578007231191)
(0.17005246673325317,0.8199785684733395)
(0.16567141534391236,0.8398742873407173)
(0.17038922213770002,0.8332387102314925)
(0.1688352948839217,0.8326104666660499)
(0.1927869191573998,0.8154187292686436)
(0.19248823801421502,0.8020955085805557)
(0.17790606260989278,0.8049724790568527)
(0.18709560288580007,0.8161311658659623)
(0.12950130917559774,0.8557193292137905)
(0.2161190643439194,0.8032556359195396)
(0.15129650593858185,0.8379279855440706)
(0.1318315807360875,0.8470252614117026)
(0.17816326495291207,0.8257189890018559)
(0.17486745855422722,0.8095276004392699)
(0.1399875084271678,0.8578824054602465)
(0.17133817164968734,0.8329022757934282)
(0.1737842786856575,0.835876862530998)
(0.18034384679108836,0.8216111905894615)
(0.19125742105918658,0.8235751381168414)
(0.17869377454934454,0.8358394223954492)
