(0.18354028042028475,0.8256266450555301)
(0.1532164271859597,0.8447986893689012)
(0.011377970602398105,0.9736042512146798)
(0.17384525679306437,0.8229739363504364)
(0.2350776281046101,0.7761770535929815)
(0.25483119187150904,0.7158887104536295)
(0.18130900332230854,0.8517160374686121)
(0.1872824118400612,0.8107749993182253)
(0.09228204779785983,0.9271634624821201)
(0.10782511014152008,0.8787552856126278)
(0.1280861081956596,0.8893089835285153)
(0.26477015407401927,0.76929753587382)
(0.18994427785291346,0.8265595905118934)
(0.11867917049023372,0.8502926558765055)
(0.13010075182052022,0.8204645476211476)
(0.23853909277760107,0.7829596926959581)
(0.29140944651029776,0.7077227272647348)
(0.13537481687214115,0.8678668551796651)
(0.1408202243676488,0.852305952980131)
(0.18206015441445697,0.7808328145249085)
(0.20353856596021933,0.8105958857170018)
(0.06195395568404024,0.9926855140721013)
(0.2222573674263855,0.7654402810915689)
(0.19330761508787137,0.8059000786568167)
(0.11152564578021232,0.8575050107223559)
(0.32301852506594514,0.7298079779886132)
(0.2521483759789112,0.7806997190324365)
(0.14965005798022965,0.8378684142552921)
(0.2731602292145905,0.7682347485569786)
(0.14754299666826443,0.8449387494627957)
(0.16343184103611338,0.8330026459529376)
(0.26119899829721444,0.7395577162813393)
(0.11419275608922802,0.8239906615715095)
(0.20605095880519073,0.7993258103605383)
(0.12751136800842713,0.867195270361593)
(0.1846516632951406,0.7563685682105471)
(0.14910394443687017,0.8365090175864198)
(0.2411592879446418,0.7940997979221404)
(0.12398347263390552,0.8907120159470447)
(0.21486308418929892,0.7926670383811734)
(0.09621535450586277,0.8869776634893919)
(0.2588839007922106,0.7617927789946229)
(0.12314788629901838,0.8480064064149526)
(0.14001960290444973,0.8801026388861982)
(0.155598135295422,0.8715352416852099)
(0.21264575853206533,0.8304393733299772)
(0.1354065724650514,0.86936588404382)
(0.144738535574552,0.8598297705232676)
(0.16457004251459867,0.814617398488118)
(0.13676455263337645,0.8651745614547607)
(0.2004550700532259,0.8182251719726382)
(0.11458277787115081,0.9021905191352472)
(0.17332824887729323,0.8443581871113104)
(0.1318409735459058,0.853547730729633)
(0.12841564792168753,0.8652795991643093)
(0.18709602751393234,0.7906707718556563)
(0.14604312633744582,0.8416291726277402)
(0.24343328638861875,0.7427501263380943)
(0.2785527055103634,0.7238327149848197)
(0.351243287105166,0.6830065334871978)
(0.21319683547952037,0.7631608983545675)
(0.14655790202679297,0.8608000892607377)
(0.08890416527566876,0.9150898902072734)
(0.14700430818007923,0.8320565647032453)
(0.2674600264069692,0.7562968023794432)
(1e-09,1.0345090107787471)
(0.17036337364203824,0.7932649983328728)
(0.2507534927609326,0.7647205861575209)
(0.09869081279060607,0.9252547826613069)
(0.12833401872975952,0.8647214587566122)
(0.19226097047580282,0.8012257916047708)
(0.21684158037579576,0.7671087707278834)
(0.13370397871635817,0.8102080664305049)
(0.182201179999447,0.827820974943693)
(0.18417131313230373,0.827638317817677)
(0.18920484098491336,0.841347007651026)
(0.15074139009408918,0.8502120367052204)
(0.2361301777475504,0.7488354642865966)
(0.30589061319057326,0.7103754774807276)
(0.188466399721396,0.8113763691274455)
(0.10110104217475342,0.9097369996058189)
(0.1459818142273856,0.8289594391613478)
(0.22724213900361712,0.7858228215480924)
(0.03759787060819406,0.9793920306806316)
(0.07441005415582419,0.8966165942190479)
(0.1207613265663699,0.8459176416786456)
(0.23226693132655885,0.8103198312912394)
(0.1551494516302847,0.8265562480910714)
(0.22562038770305415,0.7894839163411165)
(0.14821767097850952,0.8430535255039627)
(0.20286570166032988,0.8312421705119603)
(0.1971678837066324,0.7421139060607229)
(0.0860122171895876,0.865158230864607)
(0.2684464550602642,0.7084881885482129)
(0.1211156160832661,0.8617516626418851)
(0.07471308951734923,0.9355212177337354)
(0.11693966982327761,0.8676393168688746)
(0.13798237857051068,0.8365645919396614)
(0.17719657547841738,0.8524948516764227)
(0.04204492161683621,0.9458960945231066)
(0.20339186517104724,0.7958077487893721)
(0.16736130751575312,0.8268278687410521)
(0.04402719028881862,0.9286447735956199)
(0.18917097839665595,0.8502939953706522)
(0.18550059649185047,0.8349157238229422)
(0.2204944999292472,0.7815530306993386)
(0.10078897123314881,0.8847443144902712)
(0.23534636172912748,0.7600135191573736)
(0.07558573986813542,0.9408590585458435)
(0.15135704627995722,0.8173262204327391)
(0.09719171350105528,0.9018485863945298)
(0.2693054656475273,0.7379880949149812)
(0.20689599893734964,0.8108599455345052)
(0.16918748133710343,0.8202360849778203)
(0.09636769773288002,0.8924692493362755)
(0.1758953535641976,0.7989133982612954)
(0.1642650791679525,0.8671364459339643)
(0.18483544399458013,0.8311872422024038)
(0.1124832960329765,0.888213422149137)
(0.17578649032080776,0.7845289575973777)
(0.2037551200758737,0.8479268498446203)
(0.09376095438823788,0.8471774337547662)
(0.18049029707428565,0.815833811726818)
(0.09157459628577183,0.9245280388446756)
(0.12512709687054668,0.8768208965573857)
(0.1573914787534522,0.8546861535609133)
(0.16468553337824593,0.8154956086500715)
(0.20888728206474533,0.8157000844719785)
(0.1700517914824657,0.7805476516073127)
(0.12046038496933384,0.8799518092072337)
(0.10868406480270072,0.85576431183171)
(0.25436382527952184,0.7185179963735909)
(0.22790909536271908,0.7858419935519564)
(0.17444562915236975,0.8108930014923525)
(0.13740727215205317,0.8455136397003447)
(0.14859221465255207,0.7795234400950354)
(0.23678066278840718,0.7509163587777947)
(0.09042877084300004,0.9124504303585116)
(0.0520525758417694,0.924715021434121)
(0.18009161320154657,0.7910028191128055)
(0.2149793405544185,0.720968839857183)
(0.20704665826496646,0.8011374039348672)
(0.09472375274446156,0.8808818271494885)
(0.0720679647900697,0.9306356682328897)
(0.3397296451387734,0.7111881706970343)
(0.21682319551190243,0.805292000623017)
(0.17516967545510748,0.8185306891512829)
(0.10172227122295542,0.9199095373010384)
(0.047769966583357144,0.9299942795101221)
(0.13807381299125315,0.8438094601133299)
(0.2563658477467984,0.7236304583629173)
(0.1879409333901754,0.8175302519760981)
(0.2799266339625333,0.7070220212181423)
(0.1982962881138316,0.815348197734596)
(0.3323135289570478,0.7207813239775198)
(0.1490044013262294,0.8959893926115533)
(0.23233828575643956,0.8195648581078385)
(0.24636429257624523,0.7556519698248194)
(0.1941688343081547,0.7973183710681819)
(0.2059127394970185,0.7994700640606905)
(0.14076328604008093,0.8469733341912066)
(0.11504305139991505,0.9012422254375022)
(0.2370243759572364,0.8437772636165192)
(0.1816104605366553,0.7984681455562888)
(0.18522374894505114,0.7906732418122113)
(0.2576028694206314,0.7398667726012748)
(0.06191357024280194,0.9491506498095456)
(0.18280609435604964,0.8379548440703667)
(0.24283292466621362,0.8091263244817611)
(0.17768407280817683,0.7890948073849081)
(0.23016927710294424,0.7340542627765138)
(0.27359536351585395,0.6899780913420058)
(0.22639811819408112,0.8197024895240443)
(0.16499876691214777,0.8601344419008441)
(0.12773144541772885,0.8383013359467465)
(0.1511093977166226,0.8220222073292967)
(0.28545906581270647,0.7335639081110226)
(0.10969887071851742,0.8835429834557247)
(0.18932200416392253,0.8503156934967563)
(0.1402455836686473,0.832980071322203)
(0.1180001625482403,0.8863117753070772)
(0.2670701908533061,0.7124441553463366)
(0.20886218603387643,0.7952506712225798)
(0.05973720828191947,0.9390234842988835)
(0.08078382704204595,0.8926581473170732)
(0.10518925932471049,0.8680699292683708)
(0.12155991199575089,0.8234680448713086)
(0.16826154643752173,0.8193207670145664)
(0.2468513066638606,0.767462145983344)
(0.17388551401042068,0.8085696281351773)
(0.20257109096234094,0.8052563048550875)
(0.1712669887515774,0.8632605588049778)
(0.2718739447340513,0.7373332898248229)
(0.29634615515419077,0.7355436745181587)
(0.18749013924972546,0.8272785652055981)
(0.2194047451680147,0.7534473184878292)
(0.16504606953562323,0.8120193643355926)
(0.3045771100854235,0.6977488867942886)
(0.14297976514149074,0.8564739722075424)
(0.2600854932381501,0.7363469076954375)
(0.23739889976635237,0.7443565471219958)
(0.1912943813876878,0.805531171819007)
(0.12900491608939746,0.8525534357655963)
(0.1344030434190052,0.9089170389645574)
(0.16474888172022895,0.8180748025782362)
(0.10353479841631473,0.8805385224972179)
(0.2157566152639968,0.767318050628553)
(0.24073128121115833,0.7818536736160157)
(0.13856122047170794,0.8566689346308971)
(0.09291511495249338,0.906006962008841)
(0.09495287516020073,0.8563842711828226)
(0.15324634889164554,0.7926710605930761)
(0.2747591867514781,0.7241651465944734)
(0.18815404606917085,0.7945154561146622)
(0.26140373373949305,0.7379161127804892)
(0.13012150934285094,0.8444698287816362)
(0.13146073796833901,0.8528675463394348)
(0.19328246328079352,0.8355317059627907)
(0.1813002249278124,0.7952961287149513)
(1e-09,1.0303169672198895)
(0.08729848392557585,0.835518834480309)
(0.2388237907271514,0.756899198710712)
(0.13686640043972562,0.8258928787570914)
(0.21920364553938373,0.7812199926455792)
(0.14928970300744268,0.8574843500868718)
(0.16736265933805686,0.8234071621572461)
(0.14771982526620464,0.879950993114658)
(0.3183784416801213,0.7177863660207846)
(0.2367269748143443,0.7586728930433096)
(0.043885112546603204,0.9015297167656817)
(0.20798589939166756,0.757286100969412)
(0.17021497000247438,0.8315633809291118)
(0.16012603735598446,0.8300797090561001)
(0.15983656093617768,0.8116657218491212)
(0.09205420720579267,0.8937657181821927)
(0.10072133966374389,0.873533827048006)
(0.14220021575740147,0.856493413402754)
(0.18832003265868436,0.79910302289177)
(0.14279285922903193,0.8295334053464352)
(0.23554612780387077,0.7269655845034493)
(0.1332527214709011,0.8369298193333932)
(0.20087810330143008,0.7813475785403023)
(0.12315543292494611,0.886452414192878)
(0.11589743533164457,0.8934373986765846)
(0.20621901755354172,0.7935771170633353)
(0.2755977324221814,0.7396769369333914)
(0.26168737611119025,0.7487492934923344)
(0.16750492447238496,0.8123292604907644)
(0.07169285918702763,0.9438114039113972)
(0.0975131490798666,0.893273181723913)
(0.11024415952666507,0.8849241247695528)
(0.10539300344499503,0.8966205582572793)
(0.16860981007359233,0.8420400243007762)
(0.14687838689108607,0.8700156122094929)
(0.1998695234737002,0.81434169769024)
(0.06151286818659878,0.8924031826051657)
(0.22536542734227388,0.7642442116542155)
(0.24959087107639014,0.7723348769257903)
(0.03991035050519272,0.9367237804245768)
(0.16100428759440435,0.7914867078443764)
(0.23768614255662193,0.7934954985108899)
(0.09171942378539244,0.9099103687681556)
(0.21387817856503538,0.7807230375861641)
(0.18698087433645602,0.8292845923265313)
(0.2389107840370885,0.7631865258529824)
(0.2338082823585821,0.7818982645930955)
(0.08034622054646358,0.9088622095726074)
(0.08320921231647514,0.9081029516123166)
(0.1206878485889988,0.855724554293166)
(0.20169932192158554,0.8118844672258275)
(0.08572886277408523,0.9155159638129269)
(0.13191591807992645,0.9048156134536443)
(0.2541995305136896,0.7777213645060643)
(0.16015623193717446,0.8294774374484427)
(0.1975143378112236,0.7920022115979126)
(0.13600276067113554,0.852111360364703)
(0.15003281425887174,0.9078232774228573)
(0.183935936090817,0.8203557452538792)
(0.1291701746274268,0.8898496134465553)
(0.19214914542677236,0.801315075017262)
(0.12310169673661124,0.8901036737336978)
(0.09808677311245063,0.8877686664339071)
(0.18010369093162326,0.8341589367151925)
(0.10279837482546492,0.8756407463451726)
(0.15367530394772105,0.8338415665358417)
(0.11555532590912838,0.8579266926862994)
(0.21258308088957548,0.7904827388502781)
(0.10414399322169504,0.9287733109171055)
(0.18427511114927153,0.8436995175730458)
(0.2790457344860827,0.7188757733549423)
(0.2610276690966223,0.7891598948269073)
(0.14959197354213527,0.9275771061950489)
(0.1247322312166596,0.874667370274454)
(0.08141666877121696,0.9020898282893058)
(0.1148595186179835,0.9078471126471921)
(0.10749898840385004,0.8833262357547649)
(0.33675295424752905,0.7269511668895693)
(0.2035925639690825,0.777063553370764)
(0.14343934922609655,0.846530307339621)
(0.19509582870381537,0.8154765882821395)
