(0.2036418074517134,0.8188563828095516)
(0.17406659040405156,0.8221184721215596)
(0.1406282615671034,0.8428212072194967)
(0.16060683471680098,0.8323883344028907)
(0.1799612704374254,0.8163988644756962)
(0.15581911291042178,0.8591451862237186)
(0.14211561478407805,0.8525624769759929)
(0.18035507055849714,0.8261421059315317)
(0.1917912514862363,0.8071000730417033)
(0.15661695348120372,0.8398659550084242)
(0.19442679380484995,0.8273688548132964)
(0.17248834915386063,0.8261025318400467)
(0.1832218988730481,0.8126031611242981)
(0.19210017078211494,0.825052022751317)
(0.17886913021674058,0.8285888148847796)
(0.18504803034076533,0.8236299850582612)
(0.1535063519237144,0.8463004145725835)
(0.16369572837260685,0.8212181317966171)
(0.1705149399498533,0.8277006693545744)
(0.21153659703220018,0.7979788813352195)
(0.17753105626445626,0.8235981056483003)
(0.12288935181990439,0.8521495036646609)
(0.2006338815227332,0.8035402186165084)
(0.1432334625756211,0.832423812773214)
(0.16901332473785918,0.8283798015398449)
(0.1792876192413808,0.8164533252594806)
(0.1615485597695193,0.8483182198149288)
(0.16772295894595465,0.8424372373277985)
(0.1501361657166368,0.8355096688399029)
(0.1622215680811761,0.824488328500706)
(0.1615588894904257,0.8278568091276413)
(0.141761421802811,0.846133953122626)
(0.15203009718550978,0.8502645479280992)
(0.1806414114686975,0.8283892788354045)
(0.19092511249761435,0.8197463059906647)
(0.16398776931796472,0.8449954684036081)
(0.17210691069632292,0.8335511865697353)
(0.18859064654640664,0.839574759059623)
(0.14599559754615832,0.8488309748913478)
(0.1870398606694708,0.8090657593880964)
(0.18431133676212014,0.8096127971781378)
(0.16640866696045173,0.8233306767352035)
(0.17200152792865134,0.8366153004933619)
(0.1731815116926075,0.8283188006878709)
(0.15738767889863603,0.8345225327871502)
(0.18109590348628601,0.829391401335915)
(0.16971985760249206,0.8269205696067966)
(0.15851019360427993,0.8440277673403526)
(0.14728498316683933,0.8412992989150994)
(0.18757407132870618,0.8237999200109326)
(0.16237661825833907,0.8392189536315526)
(0.1596192667054682,0.8370086481997129)
(0.17147597104009474,0.8388200760145659)
(0.15956886833728443,0.8417424569749)
(0.14457654551424146,0.8463596124288655)
(0.15576568099260982,0.8517579980960731)
(0.16954938557851423,0.8343186675943108)
(0.19193968882445794,0.8199475202433836)
(0.18012263426620795,0.8227513127245515)
(0.17133296584470262,0.8311227632655352)
(0.16407975184394036,0.838576543623171)
(0.16488660847792028,0.8313708231537504)
(0.19148081398436773,0.8246128957840829)
(0.14934257258811112,0.8488872762609219)
(0.16747069543317866,0.8164679734245439)
(0.17477057430240361,0.8356877468849724)
(0.17595543337130062,0.8308827484139101)
(0.16089483646239205,0.8389045266806074)
(0.16361532341184398,0.8304280685710762)
(0.17534434706328775,0.8316681682884891)
(0.19358282493167028,0.819571609770395)
(0.17981484297208197,0.821996975359225)
(0.16171295094302257,0.8320929931158957)
(0.15342212132671287,0.8409440413055249)
(0.19134813069547582,0.827118702150812)
(0.1794872885730568,0.8241095439562116)
(0.17824499511153724,0.8308257734465964)
(0.17375376058073153,0.8289063073549338)
(0.1689695716480608,0.8287139765190588)
(0.18669900407491982,0.8291694213640649)
(0.17014204380034323,0.8312256831216726)
(0.1612778098119651,0.8431360886773992)
(0.15791574544895232,0.8422285483961166)
(0.17236005474942365,0.8217452648601564)
(0.19566501347785006,0.8329306110457608)
(0.17829280727680313,0.8204818371746515)
(0.180249415707381,0.8267704801255699)
(0.1744352557944083,0.8321647355009967)
(0.187640793527374,0.8107922776434378)
(0.1838391651453093,0.806416937633208)
(0.14246477805059102,0.8420475513261511)
(0.18735213225232009,0.8119973491519877)
(0.19747454408866882,0.8120165285574816)
(0.15188331074238512,0.8466219400797298)
(0.16952831033895588,0.8397301175833254)
(0.17212966636902124,0.8371245123482489)
(0.18254737953920946,0.8260464007328845)
(0.1311773010081915,0.8478930698432713)
(0.17687215965591382,0.8307687238207103)
(0.1815650968965637,0.836205056319187)
(0.15823268394176407,0.833535964062719)
(0.1821694562170391,0.8144475509659678)
(0.18504654087377265,0.8255415412444208)
(0.19798888332784448,0.823886078327192)
(0.19589800370345561,0.8022264723933649)
(0.16131794917772424,0.8265985063275652)
(0.16139602159928643,0.8505269603936612)
(0.18488695045761847,0.8165028305016302)
(0.12452298446613129,0.8680447296373311)
(0.1894758878753896,0.8152960650678445)
(0.1527987026129746,0.8520456057221623)
(0.12930346949336496,0.8575055448337355)
(0.16044341472756532,0.8456456502395009)
(0.16327958479354784,0.8217018397941691)
(0.16772021649745406,0.8428146909581244)
(0.15276703254240726,0.8394834866564173)
(0.1488700652063307,0.8224030194163189)
(0.17071588275770694,0.8366640281668488)
(0.17522771861427686,0.8277813124254714)
(0.16936175946896687,0.8196342134383883)
(0.1553593067887521,0.8354842025683182)
(0.1811670192288107,0.8162729807519988)
(0.1903375251180421,0.8322246109398406)
(0.15822126790226027,0.8306851759156949)
(0.1535944546066174,0.8385444937331412)
(0.18125250503236437,0.8292018830018592)
(0.16450083929575407,0.8270696483389737)
(0.201126357216052,0.8062152266980027)
(0.16503082740527947,0.844486516321619)
(0.16423998888108,0.8308212522433156)
(0.16681735017483668,0.8304448701784678)
(0.159035512621146,0.8356073313297829)
(0.16218325808842526,0.8399841380708208)
(0.16049738940622585,0.8270729512014013)
(0.193420697396075,0.8088687861114734)
(0.17749098639373434,0.8283518200792319)
(0.1527514190728745,0.8510370486897292)
(0.1626192276571309,0.8429820266906511)
(0.15325555870759552,0.8357902980820231)
(0.1506267016518491,0.8462740393643774)
(0.19236654736071018,0.8215965559056443)
(0.16147128460294266,0.8600209323933656)
(0.15937147750232036,0.8399817355557807)
(0.16442006985183244,0.8287385343109435)
(0.17728905387852031,0.8297127881792636)
(0.18642349541820358,0.815884794026644)
(0.17032139293988324,0.8347696066598784)
(0.1505109701455485,0.8404858428865847)
(0.1453495049011414,0.8540916354381379)
(0.18108314916392965,0.8140854349161715)
(0.16785039958068082,0.8368129804591368)
(0.1909789811828092,0.8219480432987849)
(0.1872808762250258,0.8272789220097573)
(0.17606282105284735,0.8313941826090546)
(0.1621251918293691,0.8322653144413085)
(0.18950875825663527,0.8229393748131086)
(0.15944934829782037,0.8351272758121173)
(0.169413664857599,0.830758432596205)
(0.18623927033627902,0.8232696265704258)
(0.17904816048671823,0.8254077599874893)
(0.15054369966711478,0.8553300507861128)
(0.18530735943393253,0.8027764762486502)
(0.16738841722127437,0.831058373544251)
(0.17077539546269963,0.8377721950606611)
(0.16544433760458954,0.8428613850752379)
(0.1455711642977271,0.8563515899186723)
(0.1674705806260717,0.8220854097118586)
(0.1378818860660965,0.8480640668351751)
(0.15515311036934237,0.8411095364428651)
(0.17229663427083056,0.8217522975134864)
(0.156522017612167,0.8344616185655698)
(0.1772076893000935,0.8218714375401216)
(0.17856294139378978,0.8258527538305737)
(0.17016942733060056,0.8261996930363172)
(0.16800013440972494,0.8302455236622274)
(0.17533872393857286,0.8307666975633707)
(0.1489508619027524,0.8352903274032835)
(0.18443408060639296,0.8206443914704739)
(0.15765327924007616,0.8457672573250891)
(0.17351894532055287,0.8234636058083571)
(0.14686096767455187,0.827451697895779)
(0.14659352341289184,0.8331171054968293)
(0.16932133746570577,0.8145909741702605)
(0.16465746991250696,0.8361173236142115)
(0.19414210907346707,0.8138944786822927)
(0.15015630337569497,0.8595148678153774)
(0.17417902052915468,0.8245016984278527)
(0.18726723304154608,0.8184841503113909)
(0.15069795120951635,0.8572914110760619)
(0.18597983112353658,0.8311705993904166)
(0.1747546553556368,0.8266959698033399)
(0.1818684976249485,0.8151295998359936)
(0.1517991841210976,0.834892881645386)
(0.17404314583792307,0.8314643409453392)
(0.18081620507964402,0.8289082637264874)
(0.16054683444668102,0.8364005415874634)
(0.17457148808355946,0.8257936736495828)
(0.1512954404124667,0.8382647806957811)
(0.1737603210858399,0.832669590381606)
(0.18058278455058155,0.8243858414725239)
(0.1555885554151563,0.8396522166842242)
(0.18102160870326386,0.8219160044996627)
(0.19060918470730892,0.8194942721045961)
(0.18166884389285215,0.8235028056762319)
(0.16361121714749335,0.8276218139261047)
(0.15326914554717258,0.8506190340234526)
(0.17180110455792474,0.8199307261252969)
(0.14853622295729454,0.8456110528631935)
(0.168460118121724,0.8387425302530718)
(0.18455739934437554,0.8144645218517245)
(0.1455724235146551,0.8403104980109118)
(0.1891021448433883,0.8108367867057135)
(0.14417550541281468,0.8450939054059846)
(0.18169391276027194,0.8269284654911032)
(0.1557829367187153,0.8452431899930091)
(0.13357487087245418,0.858001323624704)
(0.16002823473870376,0.8456567294741668)
(0.18169905992349145,0.8218510270808431)
(0.17960771786334964,0.8192515478536105)
(0.18993945948996202,0.8078635376643134)
(0.1598032789002848,0.849806195584295)
(0.14547089340535274,0.8280980478296218)
(0.17535715413149222,0.8213178051547032)
(0.1509644828088139,0.845046227785683)
(0.1482431579810459,0.8466398029092465)
(0.19523460498945452,0.8268351651692057)
(0.1601557083379287,0.8275350173440065)
(0.19125163512843116,0.826700230599162)
(0.18406940465126878,0.8337932905790872)
(0.1965652978929899,0.8139225361830997)
(0.15535501035398566,0.8365190019561493)
(0.16053952250408884,0.836514628342251)
(0.14856027198012742,0.8423477167838221)
(0.16608341823093759,0.8503699594874068)
(0.17059527092108195,0.8316611313877046)
(0.18585837691251453,0.8289363668373088)
(0.1589389565625826,0.844956138759265)
(0.1797680961583489,0.8308579254096002)
(0.16194957188167788,0.8450402774768782)
(0.16660115373402923,0.8344375676866077)
(0.16143295948209252,0.835235984253748)
(0.15188008972331557,0.8536835829751259)
(0.15258274929534488,0.8458594867067322)
(0.17777472535937203,0.8312674420148222)
(0.13918431916624452,0.8468773224407767)
(0.1561034976028086,0.8467778845225992)
(0.16666883291829868,0.8415368574576298)
(0.16377342312481072,0.8339225630443151)
(0.17673029418400735,0.8336193695979814)
(0.17204421030659028,0.8285433862612935)
(0.15440890230046928,0.8334496652278474)
(0.15838361189344521,0.8266125865986157)
(0.15808595610461956,0.8544771697478263)
(0.17613492919339527,0.8347016390525156)
(0.1692827828043313,0.8156741861066178)
(0.17932702540344514,0.837329062299157)
(0.18776782014708515,0.8194647858699031)
(0.16803394145838998,0.8260625948877875)
(0.14438957870497443,0.8553732015832481)
(0.17419442576454153,0.8217057367664191)
(0.20511926849705825,0.8188274389074888)
(0.1601852518677686,0.8378688255914869)
(0.19038689533823466,0.8119505077228035)
(0.17440567408777594,0.8087902696107627)
(0.1567588236425511,0.8297510114056961)
(0.1577227658692643,0.8369150496444371)
(0.18886547704628298,0.8207791884892319)
(0.17381503161456938,0.8225578575835472)
(0.17369626082593315,0.818471450556326)
(0.17386206437429688,0.8217487613416742)
(0.15485255292795136,0.846240933266314)
(0.14929381665605432,0.8361059745754343)
(0.20838456524009408,0.8325424704408824)
(0.15763146138701942,0.8492394484444339)
(0.17128935928814404,0.829594512600486)
(0.16298301829066383,0.8438135184472244)
(0.15813016328649276,0.8433087077135545)
(0.1485102880161407,0.8562963430548566)
(0.18330582078913304,0.8299845783369777)
(0.1354454057463835,0.8502767116160181)
(0.14275766631518397,0.8169655681229201)
(0.15680692189524992,0.8556779763390943)
(0.16284479618314798,0.833803397289648)
(0.16382756508083324,0.8380223680359776)
(0.16337181490903566,0.8362638559534304)
(0.18474860047594782,0.8389760844860011)
(0.1747612192950263,0.8365932778666656)
(0.1664671851780995,0.8380590759763786)
(0.16222407785730927,0.8373789733209727)
(0.14583290327238627,0.8539533665002118)
(0.16655639950520498,0.8305669760077551)
(0.1804505730238715,0.8305727773518304)
(0.15636462910590854,0.8523107079662883)
(0.17107978630582502,0.8346523643942602)
(0.18330061044961715,0.8184520895727938)
(0.18125646553754476,0.8157111067344331)
(0.18453321918882387,0.8178489903315553)
(0.1819345593903601,0.8242379668354037)
(0.16965918540291364,0.8275336620731388)
(0.15732648450323888,0.8406788240684748)
