80
61
36
41
41
35
42
53
34
34
45
40
25
41
28
44
25
36
24
40
35
44
33
26
25
32
38
37
28
31
40
40
25
41
39
48
37
41
33
37
30
26
31
34
43
36
50
32
31
39
26
44
32
43
48
46
36
37
34
47
45
32
48
34
29
23
23
39
49
32
33
29
34
40
38
24
40
51
14
23
41
30
41
38
30
26
51
28
37
28
36
34
45
50
28
47
37
30
42
24
53
51
33
44
31
39
47
34
41
33
18
29
17
14
15
25
27
27
35
51
30
34
20
19
12
36
31
39
31
20
15
24
21
31
46
26
24
37
31
17
21
24
21
27
18
22
22
21
18
26
18
23
24
41
35
38
26
31
29
43
29
28
34
34
41
15
23
34
25
29
36
21
37
32
24
26
29
34
30
27
22
41
12
13
26
26
24
32
49
39
36
40
21
32
39
35
16
28
42
32
34
32
32
37
35
40
36
31
28
21
39
34
50
47
33
34
34
39
36
40
22
21
19
24
21
28
43
36
15
42
33
26
28
31
20
31
24
28
40
31
27
21
28
33
28
43
32
42
31
36
30
19
22
27
49
24
29
28
30
46
46
38
36
30
35
34
18
19
31
21
33
34
37
23
31
20
41
23
33
19
33
30
39
32
43
33
30
29
34
32
37
32
29
31
31
45
48
45
32
24
33
25
42
40
17
32
35
29
47
35
44
42
45
17
45
49
40
44
36
48
