(0.2595853863968473,0.7753594343069271)
(0.18787113166481806,0.8044144818010361)
(0.21404129294516952,0.8023977149481577)
(0.17302598849248854,0.8057785522846107)
(0.17004874608294415,0.7961076310416805)
(0.19069951824153564,0.8057762219577351)
(0.20711504532301686,0.7958986270277539)
(0.21830060312143268,0.8021990305080522)
(0.16802511893771976,0.8023283205947604)
(0.2217528023096126,0.7972587401270017)
(0.20330669828520978,0.8001468616970109)
(0.21075577938005124,0.8121065037582695)
(0.22531282217067655,0.7732077272086962)
(0.19805690664382286,0.7989449047656061)
(0.22141016023584553,0.8060277047584227)
(0.1819827884014734,0.7947842883712414)
(0.2089061287865071,0.8206037466595394)
(0.19137195578792565,0.8032347773836354)
(0.17587639509053074,0.8141361688724339)
(0.18571308705219153,0.7962051679225033)
(0.23374695646709673,0.8012934299875397)
(0.20752902610633847,0.8067506280634817)
(0.22103886661350808,0.7840135468680002)
(0.23387452911075665,0.7980773247759435)
(0.16309756928166103,0.8007217265537508)
(0.21097376174674762,0.7916986784283925)
(0.21171403939290262,0.8253636438914667)
(0.22137159329275466,0.7986583887167327)
(0.21291481383038047,0.8137220298876628)
(0.196128693256045,0.7985737062874809)
(0.17786512545567856,0.7998571994478711)
(0.2303668014870909,0.789360451814211)
(0.1653695471320279,0.8043203326478643)
(0.18284859839762277,0.779646078902474)
(0.252569249611857,0.8023492265304862)
(0.20905248579209382,0.821865310787024)
(0.18013662380829015,0.8089794842512599)
(0.20433836047427595,0.8083772119319702)
(0.22080290626610016,0.7908338982269584)
(0.21058662426493313,0.8035581775991499)
(0.21349910760540075,0.801928347071003)
(0.21430608887337366,0.7965652188536068)
(0.19662320687916596,0.8225483327492981)
(0.18456112158657792,0.8114348393870652)
(0.1864454709343816,0.8101480122581529)
(0.210709683393049,0.7949409103282878)
(0.1897728035638846,0.7933431838258078)
(0.21694497849640945,0.7906813801981573)
(0.1823400587596766,0.7956040192219244)
(0.17888360683445406,0.8331699285911888)
(0.2253171671665185,0.7838246365692911)
(0.23786521866050178,0.8076218447666863)
(0.19442024930741766,0.7925915616279001)
(0.20175484450735892,0.7982866201569789)
(0.21831143294139915,0.7927317537251669)
(0.18330912391092746,0.7888879988119344)
(0.219611812332084,0.8190369503493167)
(0.20108900161042143,0.8017237998912313)
(0.25231639029701114,0.8036785901946161)
(0.21713183634992644,0.8289551804465969)
(0.1952224371449752,0.805258259887069)
(0.172118305885021,0.7984051235868912)
(0.20436746971747283,0.7895512043323127)
(0.19726763563240232,0.7798289994382284)
(0.20877916655401163,0.8157978312394688)
(0.18646801116096498,0.8199562562702352)
(0.1842358523732,0.8013505399250206)
(0.203487890490655,0.8025889004614069)
(0.1510400827750765,0.8058444444347853)
(0.17535198534403384,0.7967430045293371)
(0.18457035185323714,0.8047795897015374)
(0.24493442435077428,0.7910322850353079)
(0.20831149141809302,0.7903257267096068)
(0.2278355931936077,0.7723674909155342)
(0.22658044213291423,0.8431215878790908)
(0.1830174501246275,0.803235529508008)
(0.20015087006001542,0.794064821364536)
(0.23297884592342016,0.7864129751487696)
(0.19762577452711957,0.8002940149415613)
(0.1791177532284432,0.7861907698786098)
(0.19779711138251405,0.8108824673394791)
(0.1767757919523828,0.8024586950629624)
(0.20874215649580824,0.7995970294078549)
(0.21436778626323616,0.7880307591519186)
(0.19631210033251834,0.7948843371767298)
(0.24176736376458122,0.8098930800537456)
(0.18644144499940696,0.7874896473587172)
(0.20237543857610238,0.793508124954023)
(0.1741151498060434,0.8203742311310043)
(0.20799492988709453,0.820880336081259)
(0.27966070123038766,0.8130162986533043)
(0.19985074634013278,0.8093833524418755)
(0.18884621223788303,0.8056370916153076)
(0.1833971261885553,0.8006839408729638)
(0.2173474132513044,0.8091584564755464)
(0.19331025912238203,0.8045275631479731)
(0.19556680044941566,0.8009984640949341)
(0.23308492996375207,0.7937068912741846)
(0.1975442029360108,0.7738319922500714)
(0.23883755874619172,0.7859345250636531)
(0.19190955301017698,0.8018684133013281)
(0.25485180691157283,0.7882136783246353)
(0.18071280087985617,0.8035966175676611)
(0.1880815667877693,0.8143466124371059)
(0.1966791979359745,0.8173664052536475)
(0.1675086484782323,0.8018342479272977)
(0.21260689929851284,0.8114845069517956)
(0.24071478287960457,0.8012543102170896)
(0.21799273907970398,0.8210205064410284)
(0.18967775256046937,0.7916990135164799)
(0.20497756157691757,0.790212600182624)
(0.22200219019672204,0.818815546008068)
(0.21462074592096597,0.814845236501911)
(0.20347255476330178,0.8056705638436478)
(0.23125733735633486,0.7940915353442957)
(0.2540775168441824,0.7981936203062997)
(0.2030874090432413,0.7952852403765135)
(0.23344037120344796,0.7755378465646016)
(0.2168049486327384,0.8006205377118976)
(0.20143509238870158,0.8316294975577879)
(0.1987822717241441,0.8058917585385547)
(0.17421206854884716,0.8057352955248285)
(0.16004360196971928,0.826543270335835)
(0.19692020029401164,0.8239260563133696)
(0.19207673411484277,0.8066348195363667)
(0.16649338980003292,0.801261875771061)
(0.18035851574688994,0.8119198772265025)
(0.201037994049404,0.81094485028919)
(0.19177392066492877,0.8025928157801123)
(0.17621195064214779,0.8014180697856235)
(0.19756994863231428,0.7782291610491058)
(0.202031777264288,0.7944606025971345)
(0.20090557891837865,0.8028308791212632)
(0.19104861594741174,0.7841967024949031)
(0.18977097509148153,0.8219766463802337)
(0.17476367957530778,0.8096435974268359)
(0.2107832562647575,0.8125194612172045)
(0.17561429835639353,0.8034732004001741)
(0.17625136419654575,0.8066371752637602)
(0.18539828014994442,0.8274098906129027)
(0.21495007373613254,0.8125837102635639)
(0.17751433768406572,0.8070731405662165)
(0.22255417864730628,0.783124946191788)
(0.17838998013932267,0.7694363700668524)
(0.1602879572555058,0.8312280102285391)
(0.16870849343816954,0.805752319799871)
(0.18740990552650508,0.8048528185777452)
(0.19262351261615066,0.7979814920033164)
(0.21494971004577357,0.789716258936852)
(0.15880372470069165,0.8005618663300889)
(0.17516229823879223,0.7803584925650147)
(0.22515187660038186,0.8027900893687688)
(0.2120938673775586,0.7967859043423741)
(0.20262370377121977,0.794002289855856)
(0.17377635874901354,0.7925236282564772)
(0.21052083211145334,0.7903406219639393)
(0.2176601228112577,0.7948374181284446)
(0.18545226644303006,0.7726178663166914)
(0.2287693144223303,0.7923168857724623)
(0.18109255091980325,0.8062380346452672)
(0.19457143154123327,0.783571462641715)
(0.20584819281823044,0.7915574289555937)
(0.2162477794902064,0.7921128214809949)
(0.19295746377065484,0.782374872197106)
(0.20122218491284366,0.7896799089145523)
(0.16744398495993446,0.8042448740154877)
(0.18702257166912076,0.8075467910559849)
(0.1944396260423245,0.8096221223513862)
(0.17021967294422405,0.7932784062673611)
(0.2089268867391022,0.8095249303196588)
(0.18535826665682395,0.7922104247970391)
(0.21043657710920616,0.7976808892900771)
(0.21728153510757667,0.8012501202978032)
(0.17483994251316315,0.8123039542385155)
(0.18555060080543476,0.8118468388274637)
(0.1817779295503581,0.8059233746925313)
(0.14623503269882546,0.7868832657866273)
(0.18036022958313674,0.807708887521019)
(0.21642988194682877,0.8126903435581057)
(0.19992009010664463,0.7924796487178507)
(0.19796614754692698,0.8157321750555003)
(0.19269375181979975,0.783760931788905)
(0.21563952799840166,0.7764541713326779)
(0.19590082975267406,0.7893543597347782)
(0.212741352593067,0.7986995757163071)
(0.20961899085403563,0.8005851272193459)
(0.2439860366207274,0.8068423152540982)
(0.22810566381313405,0.8007255944849841)
(0.19454186099889667,0.7989375292289139)
(0.20006481380532345,0.8203311455956135)
(0.2351427682342815,0.812024645568492)
(0.2105545129165599,0.797084431676423)
(0.195666243351034,0.7707485934511614)
(0.19150405931961276,0.8170151091028341)
(0.19989481762209202,0.7979481202353127)
(0.19217568833955276,0.8160998670157349)
(0.22058057698512187,0.7888152816908847)
(0.20624616798939022,0.8140689666089092)
(0.19514851759526036,0.7957041851884296)
(0.20145862541303364,0.797174069230997)
(0.20187134789867994,0.7894960549244997)
(0.1818660500999904,0.7873629408163819)
(0.1861522844617286,0.7930472809306075)
(0.19520250635981795,0.7951415491208694)
(0.23058638374747611,0.8269483520228605)
(0.170051043855184,0.8131421763568788)
(0.2128811444706739,0.8077803063455996)
(0.20528721183420423,0.7984046965649217)
(0.22223623365328557,0.811308818307235)
(0.1902926907246105,0.8112879228345719)
(0.21255182738497563,0.7736166522970167)
(0.2025955885896282,0.8008370559348245)
(0.2030213345863859,0.8163643603367126)
(0.18851158167658494,0.8051709277845785)
(0.1949580962288901,0.7998148661554557)
(0.22338381419591052,0.8129822999616069)
(0.19185126856030796,0.7945441304313724)
(0.1552889432044673,0.8162803221703256)
(0.18691131579747444,0.8043949099393589)
(0.17376342338339193,0.8260795656272225)
(0.21088413196988773,0.8022707196592768)
(0.17212283419741523,0.8136266296765199)
(0.19480406004692874,0.8136453869412312)
(0.19195439737524242,0.7844725297287815)
(0.18844978817115246,0.810780619493621)
(0.19379583916728685,0.8032410075641482)
(0.21327180240757557,0.7877486122805057)
(0.22410184801842917,0.7928853847956715)
(0.19835974388655608,0.7923953061833419)
(0.2086046976691792,0.7988384643752338)
(0.2016335550146432,0.7978264177487179)
(0.16940681877002567,0.787340883854495)
(0.18476144808966508,0.8191124899313953)
(0.19642883915076872,0.8059014226300109)
(0.19347564558609262,0.8202076195177579)
(0.19172292850420744,0.800971189307101)
(0.24507018092309132,0.8013036689540093)
(0.2069411644535829,0.8031298252169897)
(0.1913012734711734,0.7855259280505279)
(0.20976688289009715,0.8100050345682809)
(0.20452647388880035,0.8124197892734286)
(0.20939256256873368,0.8121482463884804)
(0.23691924466743933,0.796461784633342)
(0.21286289280065704,0.8170973772712695)
(0.20721573486482445,0.8155508008969088)
(0.20478545180139696,0.7697254532555129)
(0.1864778904343755,0.8192488747867308)
(0.16908454254386218,0.7935611572030091)
(0.19475424054375898,0.8112791186062172)
(0.2047431533101898,0.8068591651486421)
(0.16701865956526923,0.7905446403759894)
(0.21722416305490033,0.8086524515318363)
(0.22315529827575759,0.8059340709014303)
(0.1755271870892788,0.8100231569696614)
(0.22943637181274762,0.8127513048311698)
(0.2220274690967848,0.8039615856257238)
(0.21365406847179014,0.824640163250928)
(0.21181453038423492,0.7868844308138228)
(0.17855412283152033,0.7867229715071177)
(0.2319303834329548,0.7766040104413522)
(0.22716535500962487,0.821208855000257)
(0.2222371991774351,0.7899822747752723)
(0.21881401682510243,0.7919802988987587)
(0.21121995694810894,0.8010439360354715)
(0.17889492688256914,0.8112235619627759)
(0.2037785728937511,0.7829133914036377)
(0.23247694016002465,0.8329000376237544)
(0.246190169233803,0.7756764298517984)
(0.24193770950370655,0.8002275234667713)
(0.25157529452433297,0.8080685672126784)
(0.20020359835330323,0.7912716244374404)
(0.20706412692282303,0.8065301771947722)
(0.17844910043730847,0.8122483358823666)
(0.20551687469676638,0.8001724436447558)
(0.20987409422140507,0.7870064676482809)
(0.20724587622207,0.7873914580035191)
(0.17132083483847604,0.8249142817410671)
(0.2133839793748746,0.8165344681699808)
(0.18375882704182778,0.7963091894431175)
(0.20134895581795276,0.8102422363719952)
(0.24039772072422178,0.7876409469914427)
(0.2211122668425174,0.8076067695573766)
(0.21856833543320395,0.7898813836285268)
(0.23729105367837658,0.7972195979364294)
(0.18642084082154906,0.7939167408341964)
(0.20215139671040722,0.8135108061902788)
(0.2086956939652091,0.794618848956205)
(0.20440538035046107,0.8055683664591381)
(0.18805171559855927,0.791224784333759)
(0.19322648541183618,0.8006641618024476)
(0.22512412167059778,0.8021375042299264)
(0.2039229183397149,0.8001952273548683)
(0.21086581671306795,0.8269302287194872)
(0.17591141283774053,0.7973962755216726)
(0.2001500174112701,0.8043770486312913)
(0.20129172614080534,0.8093589202641562)
(0.2165852507659376,0.7941121859498089)
(0.19825113606599312,0.7621144338287223)
(0.17775294412948414,0.7871291160337711)
(0.22333382947266286,0.8026362684469847)
