(0.18987161117478848,0.7812678725394301)
(0.2025630342609925,0.8116571556811332)
(0.2600463925993405,0.7650085128620532)
(0.21818772970514655,0.7935116538631387)
(0.211487795761383,0.7586286086861184)
(0.1387484288241955,0.8169152746757438)
(0.2051842046831999,0.7894860301665189)
(0.18358829141704752,0.812273807195746)
(0.3066803101751291,0.7200215570107301)
(0.15584007101562403,0.7788337365448378)
(0.2619354962142138,0.8058115601456824)
(0.16156395838709206,0.7753365975889056)
(0.2513858247604707,0.7876069006467475)
(0.22387718558954986,0.8060659183084248)
(0.22942008913119288,0.8140322868102597)
(0.16976578538186549,0.8213416733649268)
(0.1887217488505285,0.8002930006696348)
(0.1824365440099302,0.8207569320002741)
(0.13342591370880208,0.8305114435100154)
(0.2587440809575862,0.7709522862149168)
(0.18871343651622674,0.812970219455458)
(0.17683270697802483,0.8214184928986361)
(0.21923122509786688,0.7851173070334643)
(0.15961472059409074,0.7620655505634593)
(0.19410178130175137,0.8159352502289258)
(0.19893087780501995,0.8570263567727724)
(0.2259652303619491,0.7733589466672472)
(0.21366674429373253,0.8175397203796425)
(0.19196312109374727,0.8116118687847917)
(0.2027940875991521,0.8038471920085045)
(0.193667723506449,0.8519562405249625)
(0.2294753168119101,0.7774310371164811)
(0.19499309680807853,0.79389400362269)
(0.2387379025123155,0.7985659092812656)
(0.2059273138613789,0.7748819021962046)
(0.20493283525567912,0.788697482376255)
(0.2450034190917973,0.8251438067819536)
(0.21398442660562184,0.7817691933833769)
(0.2033103284731566,0.7914243086604004)
(0.2350042773372793,0.743200655140337)
(0.2015117348650447,0.7763283670243493)
(0.24462505802450302,0.7733153213394219)
(0.2243575758216573,0.8020159235327355)
(0.18869648704591424,0.7852109246799261)
(0.2079148062981915,0.8035359018937547)
(0.22293753043840314,0.7611273209049945)
(0.26003918985569197,0.8050542470153323)
(0.11050660307393356,0.8562192998008691)
(0.21044943120745005,0.7993567236197502)
(0.2175594822289834,0.7786377148019359)
(0.20683123917111182,0.8375705614876539)
(0.24297314045038115,0.7913891842498687)
(0.13510345680363436,0.8195595899205482)
(0.22165707276860797,0.7753751610251001)
(0.21460047685405625,0.7868292222808417)
(0.22205903321342577,0.8129742230908906)
(0.19268612405539487,0.7993321692981464)
(0.22103125612590876,0.8251454872802472)
(0.23914223504304336,0.8403099359106877)
(0.20639313301442166,0.7550769951217502)
(0.2588249469742304,0.8439528159759196)
(0.19089502216281962,0.7882874670917099)
(0.18564295132878292,0.8081209382005328)
(0.15700562407678734,0.8055981951426794)
(0.1878781012504818,0.8123928449513881)
(0.16488514259428777,0.8296852057989093)
(0.20498764650825937,0.8130685544676821)
(0.20710695863196776,0.8192783753470292)
(0.16512260622566918,0.824963478988582)
(0.17953746464782094,0.8490661477991122)
(0.2329912069502709,0.7918074431201102)
(0.2425330128399574,0.7860789836122133)
(0.13209731617757803,0.8421916626533099)
(0.21091743661016918,0.8002578066896011)
(0.23148788336127565,0.7556381576928767)
(0.24752590132798882,0.7740130775329186)
(0.15611930154171658,0.7922234599439375)
(0.18038855282277305,0.8335042568511042)
(0.17859157991684896,0.8174295375605195)
(0.15652575688964293,0.8375094134773787)
(0.22248693732747823,0.7628813177339901)
(0.1278791357902994,0.8074838188573139)
(0.17572052467054244,0.7681807783932509)
(0.14167205438043995,0.8215723698044282)
(0.1876170896952423,0.7731798841675759)
(0.1750234685655072,0.7449520454420012)
(0.23819494743779362,0.8417813972341116)
(0.2044106547694167,0.8590437632658273)
(0.2267718523572329,0.7876295282553173)
(0.19568853811928316,0.742889540966065)
(0.17579966339404984,0.8081341923465327)
(0.2718261871665613,0.8653019541730008)
(0.14737350273088604,0.8397129411663242)
(0.2255096939505599,0.758886978679273)
(0.17750438332626883,0.8054951661872983)
(0.20979782759321813,0.7685532461043207)
(0.17136916007257783,0.820350903848166)
(0.1800269948772739,0.7634405047892664)
(0.16433631781939337,0.8191549796656359)
(0.24011724766069684,0.8172996952516568)
(0.21060287582898773,0.7887887099284706)
(0.1772839392709663,0.7937433657213904)
(0.19921307274573813,0.8548351691204011)
(0.23463714628132742,0.8005313395110886)
(0.20888771237045478,0.8274166825180471)
(0.15828093685848527,0.7970941690540504)
(0.1579234093922163,0.8492204514938252)
(0.1987515974428799,0.7814436838689598)
(0.26208959407663435,0.7776140533160786)
(0.14542881908411948,0.827554157643488)
(0.24583009788439017,0.8163450086200149)
(0.18665760609181936,0.833635844787873)
(0.22500402268716352,0.7554875339516164)
(0.2004865898387864,0.8017896270210084)
(0.20778060838746376,0.8223408890614817)
(0.16913040214870664,0.831384090715714)
(0.21882204157921462,0.7788523746274325)
(0.22840958273118278,0.8135538446433745)
(0.2091086010929986,0.7798065115433146)
(0.17094298795379126,0.7884972014040936)
(0.18674485517469264,0.8193914692646967)
(0.1893749383644546,0.7899446651292422)
(0.14194801604608462,0.7618724002357067)
(0.20332208526456966,0.7123384612980999)
(0.28122187706033547,0.7843436901881932)
(0.19710054495128063,0.8128520789377345)
(0.1960139905924441,0.7653958889674778)
(0.17205100929775136,0.7952973099693138)
(0.21891847952227225,0.7752100189753893)
(0.20908163604433436,0.826393161633414)
(0.16765095219039927,0.7500157460518749)
(0.213285801317408,0.7763259492193485)
(0.1502118586824859,0.817288008255224)
(0.17765878056672182,0.8030294250042612)
(0.16812211554581996,0.7871797635571856)
(0.14765759505829432,0.8121402628131784)
(0.2051547731201944,0.7889216382701589)
(0.24985219455259738,0.8081593643499154)
(0.25778603791449567,0.7589619803171865)
(0.25335570201776114,0.7478595747742327)
(0.1764415336048418,0.87398246577517)
(0.15860148316138697,0.7994844403096478)
(0.21608437536838848,0.7983017751536906)
(0.2799794518886941,0.795358085058134)
(0.17816599342840533,0.7876767411466974)
(0.2299005041833381,0.8066640514557312)
(0.18581765976451534,0.8053351978745849)
(0.2064916365099692,0.7996030742932729)
(0.215917735468089,0.7977591979698783)
(0.17868409314440173,0.8509466112944232)
(0.18269970672170074,0.7341860689356234)
(0.26515399601181816,0.8212865288899958)
(0.2627172493307069,0.7633264807240199)
(0.2611851082241683,0.7542785215827418)
(0.17500582267673892,0.7745483039735394)
(0.20454492268799268,0.7569329408955346)
(0.2441439516528228,0.8284979969999104)
(0.17280921144161887,0.8223244770257292)
(0.16245911798422258,0.8239024623209202)
(0.18345385902348876,0.793023080550486)
(0.26235511513258475,0.7768796582913993)
(0.2649029439476731,0.7883636513190252)
(0.2538478778697809,0.7719287724785583)
(0.20046737212544397,0.8293754584887014)
(0.1580407732114322,0.7981022196544035)
(0.23605012672459758,0.8061081234078483)
(0.2133504003328979,0.7920755949118341)
(0.20487074160957933,0.8379555409292648)
(0.17955195070065746,0.7896385948733031)
(0.20176556956065303,0.8143995523128115)
(0.1610091318607539,0.830346582563548)
(0.21753284855897853,0.7715325300649553)
(0.21761241998385547,0.7831501684279556)
(0.22145369249239566,0.771073947475076)
(0.20017471389985184,0.8072666139223975)
(0.14287690406522732,0.8089545615334938)
(0.18920168873132776,0.805852845902985)
(0.2635632262632838,0.7943718519220722)
(0.18177992767945264,0.7932267928434489)
(0.15912295096447326,0.8284173676063448)
(0.12372551213897505,0.7834087855656429)
(0.25276808679004076,0.7975002531842755)
(0.18311752774939175,0.8258745747346651)
(0.175505754047917,0.8140126324888901)
(0.16593580039513972,0.8163728080063862)
(0.16613151286852887,0.8595098462447139)
(0.1229146737741787,0.8480114213653522)
(0.19909726417079257,0.8222642707404102)
(0.22523101534556406,0.7829413131726937)
(0.1413136792897983,0.7908489710781433)
(0.12991621839349948,0.8455517767241495)
(0.19089788888576448,0.7561712876231544)
(0.21470440320285716,0.7425147378612735)
(0.2427231760996544,0.7849179108649313)
(0.16037348306740482,0.8808614114605482)
(0.2197263013903087,0.8250053147379667)
(0.16580213158141216,0.7850590964113817)
(0.15657279402970917,0.8221284928636889)
(0.2428228337498677,0.8033736411788003)
(0.25540116354137704,0.7996372717554555)
(0.19173743938862436,0.8266488751591937)
(0.1926062235364931,0.803752190312212)
(0.14585488219790563,0.7855262642138654)
(0.1884955242970278,0.8258598836148845)
(0.16288565864797638,0.794078001467832)
(0.2148842772232327,0.7494234136347885)
(0.21954408346865764,0.7901305802796966)
(0.22580960560753066,0.8233117261849477)
(0.20351463983261664,0.8155807427228273)
(0.17351087003692806,0.7687291499995056)
(0.18584995308626037,0.8107495823274161)
(0.21316923314723832,0.8041550330914649)
(0.2091416810527639,0.7773771847299668)
(0.2650086102331472,0.8021777705364207)
(0.19979099449576482,0.8485184384546405)
(0.14873623590328966,0.7963880034243969)
(0.1518670885678749,0.8091715075081479)
(0.1892607189085152,0.7657000204804554)
(0.2310457730708909,0.828556410364253)
(0.2382831276793002,0.7896811780116388)
(0.23403253975024338,0.7961149791681121)
(0.25798453077150246,0.8230512366278065)
(0.20639267446597834,0.7783317096324205)
(0.1777200466054942,0.8179157901141425)
(0.2069559206901894,0.8046439953286704)
(0.1946136954891947,0.8063904748820293)
(0.16213522490858914,0.8229400188960171)
(0.23770435001687054,0.8062242334825137)
(0.20157516531656958,0.7781414861862028)
(0.2446460333809618,0.8244278494861943)
(0.23572037729712927,0.8130175892936391)
(0.12094092572523885,0.8345102254126887)
(0.18959664676259622,0.8041551537809114)
(0.22321605735524652,0.7963550570404686)
(0.1640454493838469,0.7717073307105934)
(0.22034760092191732,0.7976549295558782)
(0.12045376956657307,0.8052520810801045)
(0.17976300903018996,0.8331736104434305)
(0.2722737769523954,0.7896549133032817)
(0.21378126654982404,0.7883945925811595)
(0.22554623089167983,0.7651703668664417)
(0.1541989483933302,0.7798147372824892)
(0.1866034838237776,0.8228040415932003)
(0.16930846673431785,0.8261559875662027)
(0.1863525586473214,0.7781116742588716)
(0.2191015944782289,0.7947676233273332)
(0.24065295418878535,0.796111630798212)
(0.18926984831520222,0.7657667644037394)
(0.17992252254264088,0.7598989250113736)
(0.2213210170757186,0.8026405207227588)
(0.19822543527326458,0.7929438606783583)
(0.2057914712281759,0.8247224805563519)
(0.20349855858258245,0.8357088547637428)
(0.2540878919568109,0.7309156971816194)
(0.20714812343685005,0.7926238049023695)
(0.18380582978536233,0.7833475105822177)
(0.169564289591031,0.81718743189383)
(0.16882290525586824,0.8493597177332666)
(0.19838374841849968,0.7799209936307093)
(0.21966291030110377,0.8003427041926815)
(0.19981580885637654,0.7527462220498912)
(0.21982885679711803,0.7840871212269126)
(0.2192121070140586,0.81437946375683)
(0.17169251897903115,0.8189306514271696)
(0.2170888836026616,0.8005960408503567)
(0.12364965831991427,0.8576591100318038)
(0.2419973375169591,0.7877020954662768)
(0.14776382944291924,0.8332031850676735)
(0.11550543698460293,0.7847471436561493)
(0.20908770366850768,0.8505632437817505)
(0.21959872034759925,0.8451398391541912)
(0.22560758040872475,0.8231843147692411)
(0.24939194467465142,0.7726292365978349)
(0.21458484916215564,0.7684925484944177)
(0.2390551645929419,0.7932802888942107)
(0.23656231404748684,0.7158352138222119)
(0.22979880641233022,0.773735140545194)
(0.1477615861785338,0.7833882498353962)
(0.2115741049793685,0.8107678204450417)
(0.17813538584013391,0.805841761318185)
(0.1918537089733341,0.8118079168363969)
(0.18917481313344311,0.8393297210072419)
(0.21676504799991037,0.7946570266757442)
(0.20186942043429393,0.8038924989131431)
(0.1823482298811631,0.82514866802869)
(0.1702378378541985,0.8134645280741377)
(0.3101668652561651,0.7745823181555713)
(0.14856581286175363,0.825311187347221)
(0.2739261476190255,0.7803608062672439)
(0.2013426309146707,0.7966018692011659)
(0.2263889221472154,0.8247797790123621)
(0.23475633436704538,0.7866257605585691)
(0.26188997757585836,0.7979058015728985)
(0.18882098852753718,0.7932356249999325)
(0.22492914009920636,0.7826861629937607)
(0.19648060527517405,0.8151101308532871)
(0.1725858809901478,0.7971895286738963)
(0.18403099987204335,0.8125252557116748)
(0.16821561755560968,0.8163714416963413)
(0.13473976465349946,0.7825665101727743)
