(0.12383037533204407,0.0741899017752576,0.13112808699555464,0.7073005813077237,0.20496105808650095,0.23711534141496546,0.1396446092858955,0.10923376352864185,0.7026916334701651)
(0.10836160716945122,0.09511955191718502,0.10840157346120848,0.7009576360005881,0.16943815550061417,0.12757700031012342,0.11487942410642538,0.0937682468459669,0.6966933211156143)
(0.10905530895359196,0.12032366941302429,0.10673601316872348,0.6759556885443223,0.1668347849514338,0.2608994182068162,0.06552238446820738,0.10409708222045816,0.6751556441800736)
(0.09934710184243487,0.1296060430653379,0.0649573414236852,0.7020600492136986,0.10153221734361124,0.1294188444874055,0.111253966138783,0.16333145939122404,0.6964614545516722)
(0.13867983615627996,0.11452958365358203,0.09093724655764966,0.7183424741117488,0.14214036596568938,0.12425214834847341,0.11994620279861769,0.10372279906594643,0.7130847829973587)
(0.11882137823495824,0.10469927813371051,0.095048981907173,0.6825047756814365,0.14856725472094545,0.19898677271335327,0.10851256210691301,0.15337670517061758,0.6840734836188701)
(0.061124871141762814,0.12779055271552306,0.09447721690882767,0.6822009036745423,0.1476735517643725,0.1230116911812522,0.06855825533726284,0.12619939680941603,0.6967107816115357)
(0.11963188530809922,0.10169664474381859,0.10636594698293776,0.6944352787126448,0.1662563493260956,0.13328429258355765,0.09482768666416964,0.13137631939069103,0.694426887165818)
(0.1416870548304835,0.07180612965600623,0.10890822582143099,0.6797024767742933,0.17023008350179633,0.14941745539412682,0.16871280446244105,0.08546458673301764,0.6807687287726899)
(0.062103679514569014,0.10381749676873876,0.10028199491726215,0.7040659891636571,0.15674676765446868,0.11821755959293448,0.05721511159363432,0.11009959136422857,0.7041287780374069)
(0.1728232799952189,0.095807663144589,0.09255644372168786,0.7089034343784489,0.14467126816670434,0.1965318646733216,0.18244266370365944,0.06695112300595449,0.7073200113898969)
(0.13727769150636943,0.10132287983345785,0.08632162638210839,0.6920673113635153,0.1349258750310629,0.21004323243828799,0.09242086824841278,0.0971031706715701,0.6955267813224659)
(0.10109570148705088,0.12617150321646142,0.1193676880274245,0.6915167272444803,0.18657884973392228,0.48075600046686806,0.08354217394576353,0.11199911330845623,0.6998560202405499)
(0.10936070072475179,0.1255455153595101,0.10611551612425349,0.6939580641575651,0.16586491088640282,0.2221955807786948,0.0742116013722483,0.08240983767444798,0.6982911251793865)
(0.08672555171744924,0.08392163239724768,0.10664788790550127,0.6974501336776295,0.16669703988393514,0.11250590462112706,0.22741080845908854,0.15022114312132215,0.6978757161543484)
(0.04720289164855702,0.06286650514099637,0.09504856356033052,0.714052374034716,0.1485666008197604,0.1135019541374765,0.07100488503992144,0.08463619991662577,0.7066071551436316)
(0.10971543547608342,0.12577695796190946,0.12066227221038686,0.719234230127474,0.18860236239243464,0.11910287410418971,0.1117582871500034,0.07876812294781549,0.7178526863940192)
(0.09038264585706883,0.10339708770859543,0.09615854112646058,0.6934315613489772,0.15030156227324373,0.12082884768258591,0.07779288959956045,0.08640764948429905,0.6962635610518236)
(0.09243294601433323,0.07813908848629457,0.10705951251121788,0.7166518733055462,0.1673404338100966,0.14226285847539938,0.08332891429591434,0.0730163826667805,0.7098272912543798)
(0.10487869688263939,0.07426641280315682,0.08165132368724726,0.7105592634394026,0.12762591204178034,0.11233728588014617,0.10472193571097446,0.10510111613416472,0.7057336791474585)
(0.1435999399829035,0.08897049425909064,0.08366298760033904,0.7211606467241565,0.13077026329091965,0.1197809510385521,0.09710275552451604,0.09531127755569614,0.7171783522944774)
(0.1408836941497027,0.09122517127993343,0.13053305596517611,0.7073108193119677,0.20403098892759666,0.1183313606185426,0.09683169601326637,0.09325888506757295,0.7164384489657355)
(0.1440880370703915,0.12532206684891098,0.07542808517746317,0.6955963199491775,0.11789861731099358,0.20820192285253908,0.13109226587390038,0.09953456501927234,0.6988688944544159)
(0.1216923525125012,0.08420973732049597,0.1060934178964691,0.7126865859705925,0.1658303700320954,0.10987616178551059,0.124643749034768,0.07384675323215557,0.7046117789236981)
(0.10151753938778244,0.08627269096497087,0.0975079614533696,0.6813846789099173,0.15241078711091013,0.1819364105434409,0.07406072301869471,0.082354040384962,0.6805315051857718)
(0.1546884189100045,0.10355195981302784,0.0961829103383251,0.6910483425059564,0.15033965281176165,0.13965596788824375,0.12677321418664783,0.09802745693260982,0.6956543350836939)
(0.09279588626756578,0.09039303610405366,0.13624702295018076,0.6856709179295112,0.2129622617460401,0.2640245541050641,0.1011962211623358,0.06755517433757695,0.6893732767708034)
(0.10553664218921371,0.10448097118242161,0.0922211084784229,0.6855943560266864,0.14414711908584715,0.1573893035522186,0.11106712669833432,0.10425292925413032,0.6879829649164793)
(0.05298124248073375,0.09300074237397947,0.10909717011908135,0.6972136569181594,0.17052541476188815,0.1627622986050469,0.06222193773793443,0.1035003966058852,0.6886960298173503)
(0.07959379421135913,0.12701412554639774,0.11031288372063863,0.710692350051394,0.17242564797518728,0.16349829771431654,0.1144278443071153,0.1206430827207281,0.7114800181948439)
(0.09652938800348945,0.09429049960838033,0.08417375297484884,0.6825385740969411,0.13156862017991344,0.1052944573433824,0.07890323823741409,0.07126217875193411,0.6794441738730218)
(0.10648757485259654,0.11557415756761173,0.07474258174392721,0.7117529136206199,0.11682713436421481,0.13263437927467892,0.07199884300796108,0.12247371040272287,0.708619246141692)
(0.14524700957238496,0.11291436255461548,0.09899285892404375,0.7027570239377683,0.15473177084301978,0.0916311560749732,0.07105313306344718,0.07079933977076734,0.7095318321244258)
(0.053919821025749506,0.0908496668201056,0.10304659300446568,0.6999681418662973,0.16106800013882852,0.16794685184304892,0.05044230174567482,0.06777002312471198,0.6921883967868465)
(0.06799004536298038,0.11067917795405531,0.10060311543785536,0.6955247371665049,0.15724869827194426,0.22540987353206157,0.049768038110426634,0.09272659169340741,0.6895221860317533)
(0.07749788316267897,0.10213864148442726,0.08563407007349477,0.7003778101143411,0.1338511833175151,0.10667998472350677,0.09576934384902563,0.10792008751109294,0.6999824520369365)
(0.14819675253205614,0.11258302563743403,0.09610573895414501,0.6933308651758509,0.15021902931363887,0.14396022836670552,0.11176752676394709,0.11414529322775009,0.6927825744185214)
(0.05193334654466288,0.12268928330081895,0.09463595874834599,0.7048923488795786,0.14792167477246132,0.13943024372148619,0.06085643144023096,0.173024630555427,0.7050890544689319)
(0.059690481385772536,0.10470290371475013,0.09099027381928791,0.7333512129314882,0.1422232507533945,0.13179708944142812,0.10148459513579824,0.07363093580352967,0.7233523588133848)
(0.07162583732770166,0.09821229313237566,0.08735201759471185,0.702395809482553,0.136536438244613,0.11748685037171226,0.07564103115965988,0.1240988154210726,0.7028022906740714)
(0.08217330504490275,0.10637556611498278,0.08980673865296206,0.7030392530296052,0.14037331436271908,0.13148449173106355,0.15913096507761146,0.10489037660293962,0.7039375628747914)
(0.13079847220347826,0.10089124337852962,0.11013266773117714,0.7000526460377826,0.17214395958385595,0.22140978746584467,0.11115390421605838,0.09298647777431998,0.7037842292195458)
(0.16130037444127227,0.08921861235438594,0.11317293731914707,0.7019893194673678,0.17689608314407881,0.12693986092349516,0.15434265157247012,0.11106667763833697,0.7070444903788544)
(0.0782551655452749,0.08718066808145616,0.0861773910775943,0.7089870157404412,0.13470042660651874,0.12317654506371017,0.12649048664761178,0.08759661666582876,0.7027927656261709)
(0.1142109935509586,0.07814152875183714,0.10280692756678446,0.6916953136717062,0.16069338869730285,0.10099084054723317,0.12348513775789288,0.06408822765376553,0.6910081151684754)
(0.07688667435210306,0.09724036872024083,0.10507173661479748,0.7045368801751247,0.16423342096255175,0.137251285935482,0.0908489880061213,0.09811211134203916,0.6966090661200829)
(0.06738864159977927,0.11429891193870188,0.1313539052437889,0.706042020785674,0.20531402554110054,0.15113917603698473,0.039988614792308724,0.09605545244960709,0.7083683718100062)
(0.11355799870072297,0.09577170036976122,0.10642901482457277,0.6997886123923959,0.16635492814203748,0.1386951399736273,0.11271082624452969,0.0775029412970334,0.6983979796396854)
(0.010285120657155039,0.08844148645713971,0.09247866673964214,0.6949060044509772,0.14454969808282592,0.20579527851696347,0.061434944594048434,0.09420051926605505,0.6922903662038218)
(0.12607418973278772,0.10128733359295747,0.08143704081803733,0.7004236099102324,0.1272909750758764,0.149489114032783,0.07872735185674241,0.08466011591740469,0.6990089439752842)
(0.10728881901613847,0.0788213809876218,0.09296968654486588,0.7020921665436548,0.14531719146373293,0.12242527761962226,0.1647141287190711,0.09242712903890139,0.6999338995867792)
(0.07776317192148337,0.0938116920229533,0.10511309122289302,0.6990212251283966,0.16429806069326255,0.12386098377311174,0.08738265981095361,0.0807412286325808,0.6946626905716149)
(0.16830207387024124,0.10664333575146057,0.09900743843929147,0.7036604769181375,0.15475455949905853,0.1371159499874069,0.09877203182272304,0.13280068988336272,0.7051207531601359)
(0.13169551325696913,0.12966206468343372,0.10830920175252982,0.7028231438719416,0.16929377298439036,0.13900272316028753,0.10078122161202896,0.12833090621951113,0.7000798979999433)
(0.16441068220199792,0.13001080505308404,0.07478064395710514,0.7000206178402368,0.11688662788436603,0.12576499692074555,0.0908725677426824,0.10790643285043554,0.7014303400622685)
(0.12734808732840305,0.11336816773229963,0.07182395896352661,0.7063250129002243,0.11226515205415066,0.10141883263421946,0.17576382641294505,0.08928399531305548,0.702294778863853)
(0.11363222992721012,0.08605788670348188,0.09639816043788257,0.6916940056383799,0.150676101616662,0.0797387247607047,0.07825611643131873,0.08164543834081016,0.6919811459221753)
(0.07872230574503632,0.08648868200640342,0.06113549439689609,0.7008653383170704,0.09555844140892533,0.10715269273266964,0.07693382695248677,0.09644005028506665,0.6929084154010955)
(0.11045925497150723,0.07678503097690631,0.11297164081928573,0.6783499499840643,0.17658144465170084,0.1344957570967972,0.10021427590769565,0.06320290556107955,0.6834446762468067)
(0.08327912734827597,0.11658565562277845,0.09491073639136405,0.6915534205890203,0.14835116869509749,0.10842914881003889,0.04246937269231679,0.1215891285637303,0.6890130840171957)
(0.1067612483511249,0.119114028342576,0.05247944146842741,0.7165145333035711,0.0820285119504727,0.10994614334062083,0.10353879699479095,0.08700202555165606,0.7133100716122217)
(0.14302610452823464,0.0835330314447694,0.10544402834826273,0.6946614903142595,0.16481533525228348,0.16428864199994198,0.11212838533489765,0.08284712758191368,0.7014214437602512)
(0.07939333009788932,0.07202136297654692,0.1409109486601504,0.7013307524726691,0.2202522571257837,0.29573111608782177,0.12665612096261705,0.06944748644706018,0.7081861472584032)
(0.1399006151906548,0.0882289427484724,0.07478281902632065,0.7108528086900409,0.11689002764789524,0.12456385481429026,0.07769992894344392,0.09870308793654987,0.7073503764705515)
(0.12764240667829538,0.10796318753681541,0.09500443751420666,0.7002728680968237,0.14849762916532738,0.20390647512691573,0.11833361958890073,0.07901434163556474,0.696225608248248)
(0.07626158578776866,0.10390253801501922,0.09446259885479356,0.7140937835755036,0.1476507028699011,0.1235289695888098,0.07901833061306303,0.09856256050236212,0.7092490642645786)
(0.07695199593516899,0.08167761392756642,0.11210613300628093,0.6838187243272116,0.1752286040726904,0.12844668200574932,0.1090831835675363,0.06745034491709087,0.6827195946952471)
(0.06934965394771238,0.09290446426196905,0.11842682269595474,0.7113650179376458,0.18510822083760134,0.181482677972655,0.12590760758975414,0.10586297388550311,0.716659171342257)
(0.1358950774954402,0.10723129227399109,0.0813198890103082,0.7071808251251633,0.12710785977983977,0.12229901553715235,0.11255950730113519,0.08315460417456765,0.7033683886387975)
(0.07385685162071166,0.08955426737552281,0.121671647828683,0.7138070284872948,0.19018007697268094,0.11301529453660768,0.10172193912032265,0.08305108008197641,0.7137720395339238)
(0.07978199740825709,0.08434575723365333,0.10604925222155105,0.6964538405752229,0.16576133643548221,0.22155295284097593,0.09825899229136377,0.12013131769848766,0.694786699302786)
(0.12089438791037325,0.09339934068257111,0.10657461704055533,0.6699122246662056,0.16658251313112174,0.12615117583700236,0.1342782382053623,0.07707896070660294,0.6740022356912819)
(0.08424221227958135,0.07530670372589315,0.07839722215428546,0.692340478931107,0.1225395563372289,0.1505836519860984,0.09178145088574806,0.12606065681002807,0.6872520899531317)
(0.02698242961166115,0.0910173724202251,0.12948259201418058,0.7004809485312332,0.2023890508210408,0.1678474785010002,0.07792173223775797,0.06705901194323356,0.6985571221921624)
(0.08230947304539558,0.0964146092971796,0.12404796670047745,0.6986702298474364,0.19389440577494907,0.1175354581906094,0.09789915407867099,0.09424296170997651,0.7062230091539984)
(0.06471974939015855,0.07612217970795343,0.09639086666772992,0.6829437164100227,0.15066470101681967,0.13020472131214297,0.09234890340798615,0.09787072786808405,0.6810985611482906)
(0.09590095585369582,0.11357277760481675,0.08587454874531811,0.701933698902228,0.13422706589273958,0.12732004187258747,0.07021206190137229,0.09843310352638525,0.7006980321527064)
(0.10648854398024948,0.11421913800060994,0.09511489993005232,0.6771654961412039,0.14867028854097497,0.1686882094868765,0.10771005311197615,0.08763448228611886,0.6851170770499416)
(0.1035655177846651,0.11595050351517293,0.08464210567613702,0.695414036878007,0.13230068351899768,0.14860892676682766,0.08023599587183466,0.12844704686353642,0.6914616539319368)
(0.08970454628455055,0.08712061060282315,0.08900049782632127,0.6916104347719153,0.13911311163508808,0.35695313948155494,0.15760981957188827,0.1251679675877516,0.6904676170448476)
(0.10178938012331976,0.10560568327235215,0.14013417022977884,0.6909177657613161,0.21903810588911446,0.18561033683578165,0.09853696022560424,0.10242954724820846,0.6966977641080969)
(0.12614710473941868,0.11655723742977529,0.11163111755440662,0.6925191478973103,0.1744861264551614,0.17478371697579811,0.08669546548452484,0.09804622816771695,0.6940121072892129)
(0.06686821674294492,0.11462271684743579,0.10998220664525012,0.7032355130416783,0.171908779889871,0.13904310136322529,0.12158275387395406,0.12253119368980112,0.7005352866048192)
(0.13731426615883505,0.0775882270592804,0.11313829768565976,0.7016016698184709,0.17684193932108894,0.18451855987822816,0.1292950237716691,0.0827937931342972,0.701962620149249)
(0.1494945696618726,0.07321416336944339,0.12106159839532116,0.7175069763637371,0.18922653314990592,0.10553880522614692,0.1191605138133394,0.06611786017867739,0.7210314200602258)
(0.15669799651023333,0.0742185141958656,0.09159783320364107,0.7139739698855999,0.14317290248034775,0.14874571385036814,0.06663680618439655,0.06609913051019939,0.7107540911121764)
(0.10163394249454888,0.12013598644514194,0.10421328138847029,0.6871147089468169,0.16289160399915875,0.13244832578248256,0.14577897766100636,0.1184924267835164,0.689840990221134)
(0.10533258299632492,0.09699093228990278,0.08578537059608311,0.6852046669665538,0.13408767510130662,0.12469466815258162,0.07362487771651785,0.0993970426347638,0.683938587227334)
(0.08410644382289374,0.11076204143995688,0.10103919877696392,0.6986449934035065,0.1579303226641358,0.1333613296166551,0.07865993489750879,0.09194433765954796,0.6993597798483558)
(0.11072602581173167,0.09995198766382109,0.09005908919287327,0.6880605527552385,0.1407677533792103,0.17285545061439825,0.07463019246218645,0.10096839188905724,0.6843321543817388)
(0.058313111996267354,0.1044357182032192,0.08803461212712754,0.698712921505996,0.1376033744046191,0.13594646537221813,0.055112474838451796,0.08115873120583672,0.6966206827052388)
(0.09996691362643384,0.10611046130538725,0.08027918895923357,0.6970119328946621,0.1254811832339815,0.26639735046847385,0.05174225079841643,0.1041040029539065,0.6946455035614502)
(0.13953006449384803,0.09368420435797066,0.11261284010647112,0.7029646084122398,0.17602061763572244,0.19841965398706332,0.15780159260150592,0.10522576594333895,0.7005985868479663)
(0.1198594736224062,0.10255862420208611,0.0941822946959287,0.6999537945108604,0.1472125706718089,0.09955003439604332,0.14106988627122707,0.10080522685640408,0.6958411882695491)
(0.11836863524108583,0.07698810973927343,0.12276518796842673,0.695372177027846,0.19188934574367683,0.519821305045967,0.11272346938296655,0.08790720269436046,0.6989761362051022)
(0.05997228877822469,0.09952726537102326,0.11299605020199728,0.6967937351445604,0.17661959797965998,0.11338412484056415,0.07308107294640996,0.08733004753226839,0.6997394111060599)
(0.07943763832144925,0.13490424223879013,0.10381553879811341,0.7135624962373921,0.16226990849491202,0.1849663851277104,0.0706771581975456,0.15499860924968703,0.713396133726295)
(0.08096542898736195,0.0781453339345797,0.09417610657351234,0.7122187947200364,0.14720289826563654,0.11784287128103307,0.057590390269289735,0.07289204094705444,0.7048487273487918)
(0.1139746518936326,0.12479700070745135,0.09312163398478976,0.6965683636081375,0.1455546944180877,0.11185911250395494,0.08348016865901645,0.08668912894224948,0.6989637670943677)
(0.09947312139977481,0.09114745462867663,0.09419733196495682,0.6975469523570553,0.1472360748244382,0.09965090598307631,0.08477621663403727,0.08389689308473373,0.6961275411226284)
(0.08329873257335146,0.09528212474148336,0.11713578616066245,0.7026470675426711,0.18309025336499718,0.14935729666682057,0.15413762797042807,0.08833949438237525,0.6984815266602881)
(0.1019172440077606,0.09073412986463211,0.05471454830922087,0.7146323348740855,0.08552211788587336,0.1224433597124076,0.07321144147271062,0.09601058266527622,0.7143808559624717)
(0.05519077678328223,0.1037853191367006,0.10188554209498966,0.7123653814130774,0.15925320798902337,0.11924051278168499,0.05442909464334129,0.08715749046551892,0.7147772673980455)
(0.13113787749276948,0.11252383075623158,0.0729827452289406,0.7072501349686602,0.11407640442957355,0.11487080927111754,0.17920057476724213,0.13452966588129414,0.6997625912625083)
(0.10516652094452501,0.0932429518090109,0.0751906300468645,0.7036360557552717,0.11752746071189502,0.1737877942342562,0.10851593028131694,0.08001868805659133,0.701189483450955)
(0.057673082446229915,0.10356562352218653,0.11724615481968893,0.6975231100998908,0.18326276619311785,0.10154702424150819,0.061508518846351674,0.099947512071562,0.6966107998295388)
(0.0756075093557728,0.09230577627872048,0.10487159555174082,0.7111840387746928,0.16392058848714136,0.1747075677857867,0.045686384564193966,0.08853587608051484,0.7089489628789095)
(0.11748731378950836,0.10133574752023769,0.10638090607945797,0.6906059113945877,0.1662797312904104,0.10940404374104097,0.08929301307385697,0.10006188251092038,0.6915284811809896)
(0.12489364097607135,0.10025760737115598,0.06158305147550984,0.678790524171965,0.09625799994355025,0.09839878739298036,0.1298670003223395,0.09570155693661032,0.6756612546864575)
(0.12025636692648756,0.12188385796881702,0.1150136752343208,0.7017157711295506,0.1797732668153905,0.13596338096862848,0.09822472675451432,0.14691224727663058,0.7028821123320312)
(0.18593507855218147,0.10871056147643689,0.09782035473580271,0.7041458820948462,0.15289907653214432,0.10225318268931764,0.20075241283463147,0.08710827819844022,0.7044171618769577)
(0.10205946618970824,0.12084334712259026,0.06519636080470098,0.7183421312744704,0.10190581895985258,0.12359273245044249,0.060435717253705466,0.11079640926571883,0.712302190687307)
(0.11076979519943866,0.09839318049574167,0.12765540974162692,0.6981001579070596,0.19953305543149324,0.12899872713496652,0.09662203079891972,0.0793266254945565,0.7019309028567905)
(0.08631949863478394,0.08632429166525651,0.060723248393351865,0.6896821381472442,0.09491407620072079,0.12557033276673385,0.11730259457230358,0.08210767525670613,0.6847976730880683)
(0.07339310657970306,0.07931621365754474,0.1269582906804704,0.7119786981833011,0.19844341656265388,0.10672172644113484,0.10516959400351003,0.09131847116835677,0.7134203091919108)
(0.12084960233649172,0.11447990872498133,0.08114623164026061,0.7225679182066069,0.1268364229036907,0.15529835393787836,0.1020730497153464,0.07693276871894525,0.7272484029729637)
(0.11114357811760364,0.09262091640587705,0.10906657406986396,0.7086520503962441,0.17047759130343204,0.1765788460358777,0.11181595370047123,0.07475844676155582,0.7101012784428029)
(0.09116947097469892,0.07836678307161667,0.10304216620275232,0.6974092540253944,0.1610610807824656,0.12889269684430837,0.10462816682092874,0.0891955466592714,0.6977756458138447)
(0.12665509690681295,0.10849997981452525,0.09044499817528999,0.6945204181563441,0.14137095224509397,0.1875910541290802,0.09929357757953912,0.11487355734837773,0.6876211535259551)
(0.07381132751323202,0.09451169737103222,0.07710992908095005,0.699359133347574,0.12052744011999778,0.1698584214611783,0.06054895805831033,0.14711976716984412,0.6934862637014915)
(0.08626324226213904,0.07427824833192477,0.12874859215510404,0.7107390901979328,0.20124176505489696,0.13313025908838313,0.11453778484116008,0.05928681156764841,0.7119250152245417)
(0.09695423980671883,0.09855151946304136,0.10793648608167394,0.7184210044027297,0.16871119605511178,0.1274675360299619,0.08018315542409812,0.15926335145144463,0.7203351336576481)
(0.10382304938714142,0.10031977309194982,0.07911599521274867,0.6957748780405799,0.12366304170151768,0.28689895614428934,0.04307468056454266,0.1317530780287661,0.6884992605147677)
(0.07744718850396283,0.08535482516765786,0.13008793245803268,0.6898292867157533,0.20333523421101649,0.15329494941615518,0.07343547091524386,0.08922324267845559,0.6997450971648034)
(0.11856126929642985,0.07572077612388149,0.10610387264898216,0.6610594358972953,0.16584671143679522,0.12087283459354177,0.07666690140446886,0.10390700616127524,0.6665631368870486)
(0.06418819550003127,0.07650654046215576,0.09214284228067286,0.6840099155109357,0.14402478432850566,0.1260993276612274,0.10515242719325116,0.05602476691807129,0.6847349949538156)
(0.10454925303623362,0.07693957851190694,0.11771945701704994,0.7055177533228547,0.18400256589117236,0.111104973588659,0.14305197409106893,0.08044640270143615,0.7016608249166449)
(0.12525439935197358,0.10616769357843976,0.06747330691557964,0.6986291635755506,0.10546482218169821,0.12017277070775183,0.10951745137260846,0.11960304477709505,0.6961423206261167)
(0.13645073733935037,0.10562327355274394,0.07137936214047526,0.700777347089125,0.111570220576369,0.2542380236368499,0.09215322194879645,0.11200333243627374,0.6976559709035391)
(0.07786497451812653,0.07505415662194422,0.09013998442019715,0.6979725977385983,0.14089419746732554,0.10910050179812593,0.09704703436233135,0.07067294224062527,0.6901250856894147)
(0.08790779117352542,0.11624408251042079,0.07407081995695051,0.7022959293152967,0.11577713043450377,0.09420849921171497,0.05231662055177445,0.10666246455955498,0.702435987860649)
(0.11692988545943181,0.11008099651367531,0.09422934868393607,0.7212344383643452,0.1472861188748686,0.14306039914714655,0.052284070732005763,0.1696926333184594,0.7194623644540646)
(0.09424472491031417,0.10678090948796848,0.10652864128935487,0.6872112713446096,0.16651065027680673,0.14293951189657375,0.08438294005088542,0.09838669987349948,0.6826949241212619)
(0.21523886145681342,0.0932993173755881,0.0970452974581838,0.6948457725113866,0.15168761556037097,0.1434783532202718,0.13111229577770508,0.13645536153338447,0.7016364105015573)
(0.09777018866120261,0.11347916840898428,0.09477062049967633,0.6876214631711751,0.148132159159665,0.14030143703290202,0.09150926900645187,0.09104254369496584,0.6842930281403815)
(0.10267369313677795,0.11351253582056141,0.08871951135172587,0.6932827343995345,0.1386739129366199,0.16105383818364646,0.13772761106272127,0.0808819314095977,0.6945377820624826)
(0.08012675726873224,0.09447036478255141,0.10158034455646767,0.7013781133186378,0.15877616594674157,0.1189383787856943,0.11514258467959712,0.1002322028688637,0.6941075366347702)
(0.10837424841229558,0.10975501376903232,0.0714314536425684,0.7128115981428702,0.11165164271582785,0.10357883361257197,0.13186161257149057,0.11938683698541344,0.703863172228575)
(0.09843895810022718,0.13200935118692966,0.11806759626095464,0.6776237649795404,0.18454672839233477,0.23076545212648825,0.0803752812568343,0.10783581407177997,0.687691516533181)
(0.11059803008364763,0.09188147135568119,0.14115070319492395,0.7115343265085252,0.22062700783140404,0.13151765839011165,0.11164922168978018,0.12148834627754371,0.711967915130843)
(0.064575488921791,0.09396178448013172,0.11724526253590689,0.7024898215870038,0.1832613715000946,0.1618758521412377,0.07598981615545795,0.1027138599920292,0.697126161542223)
(0.057915314521059524,0.1305074348164314,0.11105120965146742,0.7088520041172682,0.17357969565072837,0.14985205297974788,0.05447299699537858,0.1855451341880269,0.7084172727581409)
(0.06356348131958581,0.08489216606137354,0.10106386189129925,0.7103663189892138,0.1579688725898283,0.1301985070865556,0.07285068475042879,0.10466065809441827,0.7074445588531627)
(0.19440479912112826,0.0899465755751727,0.09362382162595369,0.7058793105423451,0.14633964379582406,0.41284710400152386,0.14863127858881484,0.0931134930427746,0.7060599029645217)
(0.13252315921275198,0.08974913721824673,0.09253556828792316,0.6919676353980078,0.14463863861272805,0.16767984809548958,0.1388224757328752,0.08297493830270457,0.6893373779400813)
(0.09864681780605623,0.08570537198212859,0.07723930451905135,0.7082901246278949,0.12072966168283158,0.12213232088607229,0.10222831342378629,0.08066978597899813,0.7013799847783798)
(0.06156876758710524,0.09166677034050814,0.09528085176472359,0.6960445360627422,0.14892968120356123,0.17817324626095826,0.086465710585387,0.05992286311297488,0.6984464329471225)
(0.11036384015766948,0.0955967237442037,0.09486127935946738,0.7173629042980869,0.1482738643904316,0.09726373838100368,0.10172337135918016,0.0790132663724553,0.7162225285709292)
(0.06644364333627882,0.09804965556856184,0.09389078672926948,0.6998968759876919,0.14675692625072356,0.10014160245801394,0.07747844234162869,0.08538462705900425,0.7002785480661512)
(0.07311719302586789,0.06852661647353372,0.10629904847773412,0.6955557616227686,0.1661517829534358,0.18580829602915316,0.15613322708468375,0.07565910930518623,0.6941467675933851)
(0.09668675291710677,0.07704605590329437,0.08222078055195588,0.7124447116338597,0.1285160072471596,0.13114906451902614,0.09829742534797359,0.09120495141662985,0.7046095391622516)
(0.07230685987166305,0.12300351617957066,0.09454849296226595,0.7238313722229223,0.14778496050725634,0.09418361607269074,0.07515257395554435,0.0721740199122701,0.7229364435674572)
(0.08098254506140058,0.06669457202759653,0.11099498894460794,0.7067923666317495,0.17349181931676888,0.34608535134298746,0.07886382685889716,0.1019073798693362,0.7039047903550749)
(0.10327072087641516,0.10558585975798167,0.09847852223107798,0.6730043471485024,0.15392783176926095,0.10459248739083975,0.09725140766965147,0.09607106057512653,0.6816376463284444)
(0.09764653849754477,0.06876450188821928,0.0982495246293033,0.7088827808272603,0.15356989479454855,0.17858871243461757,0.07153322300818042,0.06486701957451405,0.7030215825377432)
(0.06510880732922275,0.09394621335791724,0.12281258742855247,0.682857861255743,0.19196343394036067,0.1215876553596028,0.07202973785324582,0.07506108063841668,0.6832900805843889)
(0.0922686836202724,0.14295498590441916,0.08876205406391552,0.702199533035836,0.1387404097452293,0.1022420911608944,0.08178669972885387,0.09751234443405536,0.7000003532146896)
(0.11521841374097332,0.07669567225489472,0.10000688595176614,0.6791766119632702,0.15631675585494434,0.09737648158489023,0.10655716360868707,0.072117352942059,0.6806457901870208)
(0.08601628699978071,0.09240126761006753,0.10921857981271822,0.7012789645092282,0.1707151853887609,0.14340432849938164,0.08466521414726322,0.09040612333905867,0.698360163045098)
(0.05605620464159605,0.09812687454920224,0.11091282445325278,0.6934917773963979,0.17336339129290956,0.1688474132509538,0.10284822893894571,0.0983080624867285,0.6968870018025082)
(0.06559842788095614,0.1159283293214395,0.1167764222283365,0.6992411808267793,0.18252854600317048,0.19633188894173925,0.08307994057363004,0.11562854820345263,0.7002810176775174)
(0.07157871777895064,0.08366691249214911,0.11877314158491958,0.704895620516335,0.18564953801490433,0.14718993448835466,0.15125528018776938,0.0926773334132401,0.7048671313917598)
(0.12881955508801443,0.09428455165587224,0.08233939820111703,0.7186541964215504,0.12870141374119798,0.09226816483323431,0.10130469835032688,0.09211513620048548,0.7157823237616789)
(0.10833574691765825,0.08577320031061897,0.10604788627243014,0.7029697473848173,0.16575920137514902,0.16588185556796786,0.0659155105344337,0.08750807977413486,0.7037531508705074)
(0.11615456271398644,0.09141583146587183,0.08597608023258885,0.6988616656263363,0.13438576569182087,0.10463606245812503,0.17311257203085093,0.10442578283469679,0.6952642457595327)
(0.13308428630186867,0.1001775573803617,0.08158048300412953,0.7099943028640886,0.12751518380879792,0.1254266979336059,0.08958139689508189,0.0866296237060073,0.7062904922702933)
(0.08489372023684699,0.10122255837920485,0.1065499071762891,0.6950302502129942,0.16654389013248566,0.11111258618657223,0.09781146589407363,0.08221180862066656,0.7023303018339015)
(0.10678799308007002,0.07951882154626552,0.1105935770624049,0.6999214852555956,0.17286438848947697,0.1453312829260463,0.150873469149381,0.08967806481819328,0.6949773461025498)
(0.09440823013602452,0.0958766472380656,0.09743508781311458,0.6907218983648052,0.15229688124409313,0.09624489943245963,0.0701479010201334,0.09504910276757503,0.6946354257105786)
(0.12444031379640018,0.10109637935450813,0.06365543978067603,0.6881654616877575,0.09949726705653232,0.13509356157344365,0.09214375644717333,0.07640633866294258,0.6853488832735369)
(0.11070756495299361,0.08543781621495586,0.0812808431336385,0.7209193110160883,0.12704682873470288,0.10035075246406243,0.0693166005293894,0.10763879355850409,0.7138304217978293)
(0.1303855535311293,0.08722801534089564,0.08833382478539695,0.7007198924491114,0.13807106172041017,0.0938012566883479,0.12547955463794253,0.0813923283810166,0.6944022380979831)
(0.10990434624123044,0.09518239852742484,0.11512306289786647,0.7332822676362302,0.17994424628878655,0.23992357496762226,0.10870800988216049,0.14789395578736736,0.7317944782439755)
(0.06031809937670651,0.0925075530956284,0.09476078340285343,0.7010610408621897,0.14811678318782312,0.14419397869486317,0.08490604447807262,0.10667026396225349,0.695963637055185)
(0.09206518648334015,0.10843556687019829,0.10082310790278905,0.7005795417991518,0.15759255967812338,0.09685252199653016,0.08674117114860404,0.1214208903044061,0.6984381900237651)
(0.1529872250507918,0.07477812003114978,0.08368067532773366,0.7179920021464382,0.13079791026880982,0.224378215141566,0.05740622453117753,0.07407093667196385,0.711721967752191)
(0.09261558594488313,0.08802101991620132,0.11529615634338902,0.6980012047828844,0.18021480171710863,0.12938648498747943,0.09553865568591974,0.0599805669385151,0.697949984615561)
(0.06290658069004687,0.11593011130562611,0.12789194261966114,0.7029923672454166,0.19990277049456576,0.1435293123764961,0.06663290132418409,0.10878930604745687,0.7036288548672658)
(0.09782500779615265,0.08435575046894293,0.12480263603358252,0.7078573130191728,0.195073999167659,0.1658706535670677,0.06326086781981716,0.09590458004999669,0.7087723329366448)
(0.10740714839697103,0.11121161478560869,0.08432535929886713,0.7128500536442578,0.1318055899496657,0.16817018763929645,0.1070825567313574,0.17952730856947172,0.7130244552682838)
(0.06922867118865574,0.12482602953701202,0.11034518477353164,0.7124429753742674,0.17247613645656415,0.11583835918049486,0.05251791942126067,0.13254008600496303,0.7124171359651493)
(0.13542481317115035,0.09106166088335346,0.0988786144903615,0.7077432127000796,0.15455319994684863,0.21097740472049717,0.06285321679136953,0.0775697403885754,0.7074268181678307)
(0.06708847514099014,0.11447448408159704,0.10213291864334742,0.6952599567775841,0.15963987235864016,0.1236273288479209,0.1149320320524182,0.0885133296621584,0.6932279315016804)
(0.08449200150655527,0.08662285472609464,0.09478963955306187,0.7082296617869903,0.14816188707986133,0.1277978524817558,0.11098983866514125,0.09467183380515598,0.7015166030396245)
(0.07354183480217014,0.06394511705838407,0.11777023364476003,0.7093711797665198,0.18408193280317403,0.11627753322807992,0.048536549869108825,0.07172414812259133,0.7157414097480519)
(0.10920024375040954,0.1054269577698052,0.11979756065264904,0.701570041284703,0.18725076640812366,0.15459542039594765,0.19106397993335206,0.13450228679836976,0.7114456030048485)
(0.10863440244999419,0.13441515481597746,0.10083935009219218,0.6995947050055314,0.1576179471935061,0.1605203742747008,0.06201378237650518,0.14566518698796116,0.69862795448345)
(0.023141081675471943,0.10471832283244495,0.1169867970726937,0.707323715486168,0.18285737449203343,0.12450863619894198,0.05579392653626938,0.11948980823753716,0.7076740191445925)
(0.10452716737236896,0.09774197736459889,0.09963156705598898,0.70400133714959,0.15573010992911038,0.20044938742892288,0.08810741991011539,0.11890716306070388,0.7065062206103612)
(0.0800106970753903,0.09263380663164313,0.07827949949458694,0.7075765178140098,0.12235554876535468,0.23421209074884244,0.07056386885319377,0.10498079085733716,0.7020947764001733)
(0.06504439347745192,0.07631009966722757,0.136903381255954,0.6952823996705386,0.21398818911154577,0.11282047066575675,0.10104142786054951,0.09985888463667994,0.7006563875720142)
(0.1137300405218945,0.10946157851370586,0.0970889709060449,0.6920015743449615,0.15175587977659644,0.30697430077716964,0.1817181862611454,0.15146713912157656,0.6973750079392107)
(0.12431491369016426,0.09441527240466135,0.08934612333708292,0.6763207014869225,0.13965334502070742,0.10784379160596902,0.0896154508039743,0.07619409042490864,0.6720048603537304)
(0.18457665858322006,0.10920744711158878,0.07703220443230824,0.6905949811406962,0.12040595183636586,0.2288776778579714,0.20464181674158108,0.08325085661531129,0.6910683049743461)
(0.06270147393556959,0.10725098841813888,0.11576591938135677,0.686593298286394,0.1809490694969403,0.13055012890441575,0.09192561358827521,0.11734094770238002,0.683476791899568)
(0.11488601382419686,0.09063363008296133,0.0746062200863987,0.7012850632029732,0.11661399292175312,0.24069091299749068,0.15870732216858136,0.08629801986713079,0.6975034288214715)
(0.10584524600002586,0.10725744782941986,0.08875818477122246,0.7092564696593925,0.13873436180887497,0.13889178672965763,0.13427919133458782,0.10457977049115083,0.7038580682001667)
(0.09584671736170905,0.10610513012952881,0.09445081735970723,0.6895307590044515,0.14763228768705156,0.15856156240675198,0.0658371255541186,0.11956354831844704,0.6921520504430797)
(0.13878566090492236,0.08890270133104511,0.08966884523178702,0.6818439661709624,0.14015777868188387,0.09334160512173362,0.10416899679274522,0.0909490924861646,0.6783781426092974)
(0.06612597174224877,0.13985907824761218,0.10634127879447756,0.6804438993929686,0.16621779146924187,0.1162834650233314,0.08468261662988655,0.11738084950130813,0.688161185705892)
