(0.10977863567187499,0.886061336295059)
(0.16906820379983337,0.8425176420704971)
(0.19706571205853762,0.7746335991917958)
(0.20905112383188723,0.7955304254898432)
(0.15716120733403147,0.8493883121241383)
(0.1957189672225165,0.782753716930142)
(0.191268702091483,0.7976773274815195)
(0.28996887106439706,0.7200422979214435)
(0.213332150657837,0.7967635489446042)
(0.267290222101709,0.7376268447459383)
(0.26717282352044,0.7419267087847999)
(0.20228959739580335,0.7926594964701998)
(0.13958018103335487,0.857030004686051)
(0.23061102238111822,0.7784426310367786)
(0.13941917464151804,0.8601185935024114)
(0.2188852271163729,0.7926711924076142)
(0.1969555439422295,0.8122907654374526)
(0.2891162186338281,0.7238307217803825)
(0.13111570460320243,0.8739823930396327)
(0.08484996119289724,0.9111281725625967)
(0.23906085183752773,0.7867823491491446)
(0.2288202463602843,0.7623081427065557)
(0.22989475455677705,0.7579457355781221)
(0.21173266485116088,0.8158768122147458)
(0.15285918362881945,0.8443187396368785)
(0.19864085954492827,0.794576316830795)
(0.24948898116782692,0.7474121004884332)
(0.129783452198929,0.850130160558926)
(0.093829553867729,0.9282067234921529)
(0.2064975906370718,0.7854317078363519)
(0.14445187058278833,0.8238707386474462)
(0.18599973005285098,0.8169373741491803)
(0.22722972802146352,0.783793280244012)
(0.1898572675212317,0.8122617199265683)
(0.19603464083378155,0.7939911524342416)
(0.23018266880541965,0.781278382575478)
(0.29882796178670845,0.7264697554347338)
(0.20942858433745476,0.7821721775942695)
(0.1984683127545603,0.8049399843770811)
(0.17608716998019805,0.8198140368888832)
(0.13850974537092234,0.8718776492910943)
(0.1682342396732438,0.813513855765971)
(0.19589712295604997,0.8047660691576943)
(0.20282354147103776,0.7988897110074862)
(0.22176655015511257,0.7676881847597409)
(0.2364782629258196,0.752313360171165)
(0.11427830632196627,0.8716280289621192)
(0.2521792296386417,0.7564714208360158)
(0.06981226943184496,0.9199340122187414)
(0.3355062838514163,0.6807448705568471)
(0.18695209935369467,0.8095770322591562)
(0.2501262217222096,0.7540691357248072)
(0.19955950018705407,0.8016263680875771)
(0.2434897871729338,0.7742552486504732)
(0.1620036480013554,0.846758283176711)
(0.3554101903825942,0.6440903633937833)
(0.13021164292921433,0.858343778756431)
(0.17130252832520768,0.8227496891706532)
(0.11489711215301733,0.8831789082032212)
(0.12534038270857553,0.8683293780477671)
(0.17710872701304287,0.8160606084373261)
(0.2586852126813239,0.7471256695371293)
(0.268793530644717,0.7571638802601517)
(0.18402830531160452,0.820362440957398)
(0.21018700545564428,0.7762738302560421)
(0.21693841130992714,0.7892149677137968)
(0.1798202810923804,0.8112272692452528)
(0.3117926872222848,0.7016298563063535)
(0.2944799501580868,0.722735690318321)
(0.3102731215309424,0.7130043867571617)
(0.18742115661724745,0.8128220375325016)
(0.02502483259979226,0.9534980596555509)
(0.24993794190145308,0.7520112547450332)
(0.28250548858443963,0.7087535672635434)
(0.25366117688801665,0.7613304154781276)
(0.25106283580420924,0.7428743829253351)
(0.2068123501684889,0.8095935011514274)
(0.1486737889058423,0.855718569351403)
(0.19436358144650628,0.7940668952542811)
(0.18815888925970192,0.8082078267727777)
(0.22080582636709795,0.7789317762436341)
(0.25976912855435597,0.7556110610457772)
(0.28432212182576383,0.7208451476733911)
(0.25867328510529203,0.7471709415367177)
(0.16886798962351612,0.8281079202560865)
(0.10736545923767297,0.8888749021340213)
(0.25133708522375703,0.7607268383693299)
(0.22482732830273158,0.7600274843898794)
(0.28569463874507545,0.7181455680575844)
(0.19982045523323805,0.825601840815157)
(0.21041608815454593,0.7689782790825342)
(0.21389818203952887,0.7866412952540865)
(0.16940852720609256,0.8486821414051363)
(0.2254849057796441,0.7630664294263954)
(0.20735117551541007,0.8211803611751937)
(0.1521730216266191,0.8383501733566178)
(0.24738795154881804,0.7559583719391072)
(0.1674296103083113,0.837889022634385)
(0.18437946199845653,0.8333560680852391)
(0.3011574559267873,0.7026559181995249)
(0.1332568800623848,0.8521336308860069)
(0.2531308829541149,0.7513497716590947)
(0.22086804222482365,0.787508933477374)
(0.22839773977630834,0.7463725790418138)
(0.21398297366574834,0.7978146693497811)
(0.18592931564023746,0.8248929877912321)
(0.2046523815864664,0.7755907375512393)
(0.21333531936261677,0.7675075028599441)
(0.18348618207321735,0.8065225686947056)
(0.24335818491429384,0.7708211230439236)
(0.19495924974355547,0.7922103820598089)
(0.27386058411761594,0.7090532879209284)
(0.2245450710512894,0.7991300017838916)
(0.13096699265983008,0.8536218809853899)
(0.2168717893852502,0.7904612320239627)
(0.22320664577809726,0.7604424022153929)
(0.14276431304181944,0.8565739284210923)
(0.24739362271230445,0.7556302991117642)
(0.19912082886389057,0.8082762262281511)
(0.1774682983925362,0.7973649711776908)
(0.347905548929241,0.6545793938357862)
(0.19984030609396608,0.8016662177183825)
(0.17288238309448994,0.8464579765751534)
(0.22259208887486984,0.7530040790319781)
(0.21576401628457645,0.7703675094298572)
(0.23516006268731246,0.7733387624090968)
(0.12526657951041653,0.8817910285791912)
(0.24660844310927732,0.7504513990457166)
(0.10699526206399715,0.8958063620912614)
(0.1270167967625897,0.8687264574383444)
(0.1885785606951998,0.8105412895418059)
(0.25450719877576033,0.7690101269769698)
(0.28475316169998816,0.7216904355368098)
(0.1869611309698899,0.8264714880115158)
(0.25493214832617117,0.7618445191984671)
(0.10468517327714119,0.9065099819218407)
(0.18933270374330638,0.8039132468651701)
(0.16598109979150388,0.8374328952740495)
(0.19254705564701863,0.8105686781382607)
(0.24708159827980075,0.7503712469810642)
(0.137793523906822,0.837455506153902)
(0.17796781839400103,0.8164572464959875)
(0.28182928218828374,0.7201230061193703)
(0.2149181670814518,0.7735217291705068)
(0.14104764996070804,0.8565320786727612)
(0.15012480295632696,0.8461892254473247)
(0.20675643052706094,0.7854844472021182)
(0.14313225499688734,0.8382090351929059)
(0.1749938837647265,0.8180146954893462)
(0.26135935486766476,0.7303261047310851)
(0.21574495951714004,0.7895158257807044)
(0.18613781773788396,0.8047031140665606)
(0.1855127611054879,0.8281517270200316)
(0.13729732906850195,0.8590630672058558)
(0.2640378336162639,0.7297594007209098)
(0.16811624036382414,0.825290074071997)
(0.34150315689733896,0.676178138171702)
(0.2565540007010148,0.7236623587749401)
(0.2597769707212437,0.732569319328779)
(0.22395353520224273,0.7861200109331795)
(0.20168940665667218,0.8025010417202393)
(0.19066493322662315,0.8178386600250949)
(0.1629003478487782,0.8298894355953217)
(0.2800421532858892,0.7140492387415748)
(0.19452724939297242,0.8118734183163352)
(0.21312513733303615,0.7954881371870043)
(0.28819033926037957,0.7366531697491028)
(0.1708044360942078,0.8135205302165406)
(0.21339746813285373,0.8056675535509917)
(0.2004370222261994,0.80659694267458)
(0.17875795375058967,0.8261169717716725)
(0.2875805635542894,0.7261254417522122)
(0.24110381573971593,0.7624662149439111)
(0.2605605179060248,0.7367266468604038)
(0.15567710904743098,0.8583359965840256)
(0.3007079203353414,0.6997619560270276)
(0.16777004786577085,0.8196813667123402)
(0.14886767759361502,0.8221823225288505)
(0.16451060245014107,0.8366442592081602)
(0.23367961166147336,0.7681801489900687)
(0.20041745335766226,0.7972827663233993)
(0.20710991158705042,0.7904869782123646)
(0.21809901635318643,0.7761270830692565)
(0.14671040486922662,0.8805075738080087)
(0.24783601658759596,0.7538204891208611)
(0.2000367952246342,0.8029601418035227)
(0.22377773700341777,0.7795185823967941)
(0.18812112891595706,0.8038222272490986)
(0.1704053200161418,0.8324613146925767)
(0.14415996600074343,0.8750411621368823)
(0.21136716560652516,0.8045147824212767)
(0.331371343600942,0.6595067797140681)
(0.23808665106395469,0.7732508862735141)
(0.14664308876881213,0.8411168163671343)
(0.20591132480719096,0.7967167989920869)
(0.24512459325151598,0.7612753096406065)
(0.24032224439302197,0.7547241932712422)
(0.29268465671635074,0.7148138040767581)
(0.19248685153192166,0.8007989083858325)
(0.28530669118640145,0.7295111727153949)
(0.29761540161834327,0.6981126187425298)
(0.15107324395887875,0.8407353695441735)
(0.27795793763604393,0.7155973250053299)
(0.13376799270226253,0.8360468988242138)
(0.2590527894378287,0.7370800130463625)
(0.15736285285711918,0.834243616027148)
(0.1407355528265676,0.8537243871092984)
(0.18840995516685907,0.8113088050645473)
(0.27187700326070924,0.7284761727433314)
(0.25162777257818597,0.7498239085785096)
(0.32413665233408046,0.6792048213520685)
(0.2549819460277744,0.7563633271976264)
(0.2227837392999992,0.7621781242715852)
(0.18967974525416434,0.8281706255307657)
(0.10958963568278486,0.8728569583451629)
(0.15560988958667013,0.8433605584123066)
(0.2082398624873022,0.7910473254700148)
(0.2001179354780433,0.8135665731361271)
(0.1872783078734674,0.8046246674584961)
(0.19697327905499942,0.8016627746435124)
(0.16086319961727336,0.8092483141558519)
(0.07264194055641265,0.9192289867651731)
(0.25971902191374246,0.7539480882056728)
(0.22602514571162927,0.7871558712935003)
(0.12460593957873717,0.8769034445002617)
(0.19568891279651351,0.7655756872685319)
(0.1382134048139215,0.8499990445371497)
(0.049372694366574085,0.9349136242327288)
(0.20909157260089573,0.7860746542310462)
(0.1444842243002755,0.8424542044152394)
(0.2571846517398762,0.7623881917930767)
(0.20926611475177123,0.8013318672292832)
(0.16459571065726625,0.8389246908075021)
(0.17859449432822902,0.7930094502273292)
(0.16639303478406325,0.814552184459556)
(0.14733170273352145,0.8655830251983675)
(0.17055246467681018,0.8451940483575857)
(0.1571312251192367,0.8695306359183222)
(0.16762820793275757,0.8500704968358078)
(0.21073883106989494,0.7892544624560568)
(0.19077406740891667,0.8180877462268765)
(0.16728105542794994,0.8379235536317549)
(0.13489105673120438,0.8402490584046132)
(0.18334133523624316,0.8042184396821404)
(0.31678847979358105,0.6834336843780028)
(0.16985004375600798,0.8133194427564816)
(0.21755701478435344,0.7610951978989244)
(0.16872374342414573,0.8309797342961105)
(0.19780296344732767,0.778550528067241)
(0.13019107597333954,0.8504104972082647)
(0.18580399000000392,0.809844083902001)
(0.2859217238946156,0.6925902266000121)
(0.14700590314405804,0.8574642295607959)
(0.10154309844205539,0.884888924709131)
(0.14567754809152803,0.8624539962994946)
(0.12458373417202843,0.8940076423315919)
(0.25437669686131303,0.7397319959961357)
(0.32287239356706476,0.6863269830485192)
(0.21456930471173322,0.7880539959714166)
(0.25083117901388974,0.7506569832850941)
(0.1571519511884092,0.8407516695436862)
(0.23375428751763921,0.7492975747275266)
(0.22472365681953285,0.7911729458448606)
(0.19844406020943842,0.8078626086545361)
(0.05894354664320239,0.9105068963440883)
(0.15566820026571457,0.8392289348005646)
(0.25173291034716344,0.7722498517871882)
(0.22778690386861097,0.7708507171916466)
(0.24332210019015169,0.7676160873847385)
(0.12171752972892784,0.8543000458000297)
(0.1700467108566927,0.812475112299981)
(0.1336302272935237,0.849804060007705)
(0.2312593171811032,0.7811135581568439)
(0.19803539814740087,0.7978692761163698)
(0.10620688946103861,0.9001072099619885)
(0.1966472503170216,0.806414415498371)
(0.1774228870328495,0.8073548389985284)
(0.2108321220926739,0.7956684241870433)
(0.17389964873893202,0.8333782193153543)
(0.21178719865024465,0.797837042766255)
(0.15538788478149937,0.8402979289592782)
(0.1228003504815094,0.8593059638690497)
(0.1613607950200448,0.8556356068085148)
(0.10935460135543533,0.8821095912740532)
(0.25868526983255097,0.7676226027470537)
(0.23151691524476883,0.7713957832812626)
(0.1943453809830683,0.792557853815364)
(0.16633140548253578,0.8285928543785517)
(0.12854364575664787,0.8800738770157516)
(0.32802736916097364,0.6846183709330851)
(0.2377157253419201,0.7566486587338571)
(0.19857309786082603,0.8012977734805233)
(0.22673373618961432,0.7745854551294605)
(0.14847553349857662,0.847553521897185)
(0.23644848478032032,0.7701497477162423)
(0.29015067693689883,0.6985561777219489)
(0.1760891812117803,0.8543351528673062)
(0.1799157897588221,0.822584797171494)
(0.22158038062840185,0.8015174021918923)
(0.32825494516053894,0.6683281965476547)
