(0.368708232922277,0.6467793124404402)
(0.43621742373915373,0.5538297161340691)
(0.06535537549653596,0.9304403455515048)
(0.47562991913836034,0.5515396527021864)
(1e-09,1.0077580967939046)
(0.07258370354768645,0.9360889686058762)
(0.18940392700219252,0.8160776571792197)
(0.1518930586540082,0.8747080850688567)
(0.056957506782670364,0.9432236689780322)
(0.28051768237935676,0.7014400126162608)
(0.23796618718379767,0.7519196953395668)
(0.1293089083878504,0.8386135488428998)
(0.22468167676011094,0.7854222252503239)
(0.3845528816819019,0.6652831026314455)
(0.15469508651745625,0.793104004490985)
(0.2715635084347468,0.7408889630377427)
(0.0599412109516135,0.9075716111037704)
(0.41194625883473723,0.590991253084747)
(0.49427924000181317,0.5223712412015481)
(0.39802072037686353,0.6011323606287705)
(0.43525968746890287,0.5424794568111403)
(0.6422575573801814,0.3898265003960985)
(0.4098394157938469,0.6361832207041292)
(0.5133103503749452,0.5114933900016787)
(0.04948541898010371,0.9505651305824591)
(0.09090319502355117,0.8960506848464098)
(0.1165653905243877,0.9183378874966766)
(0.20484892740165472,0.7963183995611117)
(0.1794328634232868,0.7671022078960682)
(0.39830888956569244,0.5672038144810208)
(0.01263030647656895,1.0039362166051198)
(0.07762793194446792,0.8890153756720525)
(0.22172220284139693,0.7338009477967449)
(1e-09,1.0758094921444599)
(0.11562370778494474,0.8645035685132723)
(0.26279078687878876,0.7512153412629284)
(0.1502802726919283,0.8602736018055869)
(1e-09,1.0452294480992887)
(1e-09,1.0124943017799772)
(0.40405579489664706,0.5955925316675158)
(0.14338316668162224,0.896685297840321)
(0.17197732768695154,0.8176308668028892)
(0.24093820413585196,0.762430319878855)
(0.02391437507365106,0.9512823171980557)
(0.20653685128423155,0.7878593536098235)
(0.362262191727482,0.6275692397361144)
(0.14581200160535687,0.8462144770780695)
(0.1270230083026917,0.8970360802412097)
(0.29147528545859674,0.689366388260277)
(0.28516893458826337,0.7055842460651127)
(0.3190421173302768,0.658101047943227)
(0.12888526380466164,0.8453214116918026)
(1e-09,1.0088437387827969)
(0.1757910916544194,0.8342307911203017)
(0.15701967611538314,0.8356183837677013)
(0.4953933808700876,0.48694413295705646)
(0.40804562500172015,0.5982723789871279)
(0.2945253982645232,0.731089792652077)
(0.3208158514403915,0.6740181858908428)
(0.38979498098432114,0.5633143699003296)
(0.0917132851966834,0.8812573336847916)
(0.45236852461615407,0.5796699608141087)
(0.011024728340653793,1.0133850107835067)
(0.11636622235990506,0.8508778131320104)
(0.18178451994601877,0.8299992927746455)
(0.2365298062102991,0.8113951197173532)
(0.3211793834953815,0.6809239307619164)
(0.0015086313205168681,0.9639578643930127)
(0.12568539673431775,0.8697855868067437)
(0.11767601288684741,0.9007862596139792)
(1e-09,1.0066362298743508)
(0.19895059164850795,0.7975555704843754)
(0.356496489984665,0.6343072243357228)
(0.18801919134791764,0.8440937739083602)
(0.25364856262412183,0.7035531903989782)
(0.39391560927875113,0.6387346264130064)
(0.2729661478650159,0.7841450026473852)
(1e-09,1.110161913694988)
(0.30375564200647,0.7116444072682946)
(0.12138812505203682,0.8783632366886572)
(0.4726960035999677,0.5389753275066678)
(0.38389049291568467,0.631989493267669)
(0.3027126101635219,0.714694673671767)
(0.38856180266551016,0.5829587353065819)
(0.24785294454363857,0.7652379022973734)
(0.16510949754743065,0.841881279050972)
(0.04393324034777215,0.9376074431742291)
(0.16725180855036398,0.8624080415302382)
(0.1764831695111885,0.8214470350564052)
(0.2934087098735401,0.7118710541542278)
(0.21286119742119267,0.8006620193024532)
(0.2953628086543733,0.7057021926928134)
(1e-09,1.0483943241907303)
(0.37986863480533606,0.6027767922237562)
(0.12518596036313853,0.8934130453663454)
(0.4992557441864465,0.5400849710872997)
(0.42239247589599266,0.5980809806982471)
(0.34570384209295396,0.6250162166109683)
(0.2118492219137988,0.8300392312010456)
(1e-09,1.1834442513097303)
(1e-09,1.0840882412412922)
(0.04300586027262488,1.0126625800486837)
(0.19427168825704594,0.7890673860502845)
(0.35321288579902843,0.6315716535717388)
(0.3314517536814352,0.6713304011066509)
(0.11228988256484256,0.8588050844234938)
(0.21848835441137465,0.7903326123066571)
(0.24558771812468633,0.727698467379169)
(0.17357415857046193,0.8021125344606974)
(0.17183042144194632,0.8214764080963529)
(0.1107274190990964,0.8993237433998981)
(0.40408073476602185,0.5932697539516949)
(1e-09,1.2498243624143217)
(0.3187366898036081,0.6736456234959618)
(0.3335315855070168,0.6865894637559721)
(0.27381100494217464,0.7140287469078225)
(0.25902019287263156,0.7191856264491467)
(0.243920525033142,0.7332717600823699)
(0.42942779788943786,0.6018510908375359)
(0.3581856715763429,0.638191347629384)
(1e-09,1.032702962960783)
(0.632274704327473,0.41062006238011783)
(0.20181935604498386,0.7652602380219931)
(0.35226981775149724,0.6551364901715838)
(0.07280985237676108,0.9108549528745691)
(0.43741849259792176,0.5492934105870386)
(0.07739609508899996,0.897234111397289)
(0.42812248257142993,0.5807158340910282)
(1e-09,1.0702983611953196)
(0.3525388719718206,0.6263648316549949)
(0.18593501604445598,0.8748079483424765)
(0.4016105522472206,0.5732997510749855)
(0.4766262137259372,0.5189304531067428)
(0.4954983744551495,0.49539512684737724)
(0.3238207169296749,0.6829482581897691)
(0.10700422107019021,0.8731364508776965)
(0.009781858560256457,1.0129662066043297)
(0.19570844818724564,0.794983859125364)
(0.2811864659521346,0.7122404764274315)
(0.045139588539049695,0.9773475498564302)
(0.2805015264249829,0.7209297879848723)
(0.19494465053834809,0.7986230314005713)
(0.4761277083692239,0.5219335255306835)
(1e-09,1.0342562585205426)
(0.03508580907206814,0.9365663495480915)
(0.15292247525577096,0.8399785691839595)
(0.07582862824979872,0.8750714540838606)
(0.2733503919545788,0.7602137186561998)
(0.13523424950827254,0.8820660696557592)
(0.12048058587240343,0.8997483260848714)
(0.11475241528716612,0.8528350830102517)
(0.17174134401057017,0.8014080519031238)
(0.14269982701970219,0.8432628857351674)
(0.13414587545861292,0.8500414702553513)
(0.21284642921824368,0.7948829565848918)
(0.4124192225966919,0.5515414941631708)
(0.1496445556236164,0.8428815146244208)
(0.0613602919597078,0.8901474771638858)
(0.33840130503381577,0.632777083615902)
(0.34353749726156924,0.6676087970651774)
(0.025788178123311883,0.9743231128790147)
(0.2751618134582275,0.7368066977517727)
(0.038654207057135556,0.9167883691758874)
(0.5604026400283265,0.44073267657832066)
(0.48920245747241525,0.5157537240850861)
(0.4417227687643125,0.554126723245989)
(1e-09,1.023601248123528)
(0.15218666843725834,0.851051856144362)
(1e-09,1.026167521883264)
(0.1689076995338136,0.8116875768476769)
(0.7240628896589381,0.260591989687792)
(0.06842365017080775,0.9541117747328389)
(0.10716279866907703,0.9125458022577349)
(0.023794695584114976,0.9557883806194579)
(0.10438087246289714,0.9056092572540051)
(0.7076183792298327,0.2983617629337586)
(0.26801768317582986,0.7568617148384292)
(0.6031241973324863,0.40565421200915974)
(0.4467168131625891,0.5364164687926184)
(0.18714028320285617,0.7995342146895139)
(0.6230010949406616,0.4006859304948244)
(1e-09,0.9694122335099171)
(1e-09,1.0725989854252598)
(0.3544171552281326,0.6487807561259595)
(0.3535752724115078,0.6609016157685748)
(0.24900227096113722,0.709317659256165)
(0.39904722328828884,0.5866536461892574)
(0.11447580681567561,0.9119565820646505)
(0.18687122480315277,0.8074168281200829)
(0.3864414562075235,0.6117705748247826)
(0.11904103856166681,0.8876466607770831)
(0.10074354152615028,0.8998725891671455)
(0.13443133535148757,0.8484919523629536)
(0.14184538894720952,0.8568397449035233)
(0.2941568680510835,0.6999941159395399)
(0.23848374491582278,0.7901224881844799)
(1e-09,1.037351236148718)
(0.0811682180095512,0.9109144229868134)
(0.37812173684752015,0.605770559113644)
(0.08258884579513476,0.9173848374456329)
(0.08180741163825789,0.9443060788445541)
(0.3317950031294967,0.6715145878340094)
(0.2501559625377894,0.7327010007132151)
(0.05906700965711813,0.9717375786373161)
(0.3984306681025301,0.660414859658778)
(1e-09,1.1480951298401716)
(0.11726067009656074,0.9001427836653366)
(1e-09,1.0212319810064885)
(0.2474332349812933,0.775577792352543)
(0.29589278179903616,0.701181941438249)
(1e-09,1.0467703181934962)
(0.1916456131583146,0.8342652615463109)
(0.4626834562576329,0.5555519349528304)
(0.563414661176111,0.3966968361318269)
(0.24837859767305168,0.7905316738741299)
(0.1425081206030566,0.8432151772354695)
(1e-09,1.1934693420528386)
(0.09895324443185413,0.8518767902520331)
(0.3851034644645625,0.5895761246096475)
(0.3209810646605948,0.6738853540163297)
(0.3768454005984997,0.6135100168711038)
(0.26196075816510167,0.7466319100644513)
(0.1883586022096241,0.7922210136648217)
(0.17541898687908758,0.8498164003717846)
(0.10375205929300524,0.8835719013907216)
(0.08710923583406689,0.9385527433100113)
(1e-09,1.102333198843632)
(0.2185785708246685,0.8183558552443868)
(0.08745074780009822,0.8913475958160698)
(0.06697803149052377,0.9321767601932821)
(0.3801254763997734,0.6348752242685081)
(0.3770060227358996,0.6298107455497612)
(0.09960400220446743,0.8526504605894883)
(0.3060804653282215,0.7067451633796927)
(0.09322084552835366,0.9128655680001335)
(0.16283475019170657,0.8035359105923005)
(1e-09,1.2993259884017216)
(0.5794670725264324,0.44411582104740616)
(0.4853896651140822,0.535977411375813)
(0.598222131925523,0.41332320671411843)
(1e-09,1.0686632520382975)
(1e-09,1.1293366667621916)
(0.3814808910315952,0.591462977501482)
(0.4771266859760143,0.4938145281453226)
(0.3126853667732858,0.6783772485526667)
(0.20586421521647844,0.7909137502780441)
(0.35107404517438984,0.6621862814256474)
(1e-09,1.0397368191161789)
(0.10573709436686626,0.8679411030605624)
(0.3065689469611261,0.7188652474178981)
(0.058565749893217764,0.9517968015010978)
(0.23680004545593333,0.7620325780951396)
(0.30049086875158,0.7163537315966158)
(0.4440241496052939,0.5267022115159742)
(0.30733595657215346,0.7334345865515212)
(0.2518289025726231,0.7361767758794764)
(0.2392716015949638,0.7483497386277967)
(0.1653358414606515,0.8039333085186028)
(0.4052540764662121,0.5869401278238172)
(1e-09,1.0440568037151883)
(0.3505004099208799,0.6830360096495913)
(0.33100193978580383,0.7359874563187162)
(0.660570955175386,0.306601648492617)
(0.14834414606841692,0.8732699866586141)
(0.26163368052493124,0.731987802150792)
(0.15761005282311014,0.847721929902709)
(0.46325738099258773,0.557415212586683)
(0.2124645431980203,0.770740704109091)
(0.35665695342195225,0.6562545638318731)
(0.07791807745226026,0.8974358368482224)
(0.3695123143384724,0.6185471681468454)
(0.06633837786944541,0.9282439731450591)
(0.2435394651604535,0.7701483015872164)
(0.2783804058468118,0.7344885208746339)
(0.17005571479266388,0.7982293445904626)
(0.517290137645996,0.5073016935128504)
(0.6518079329731505,0.35118116942831035)
(0.214723669640008,0.7948904209516866)
(0.12997986171634673,0.8815531661148003)
(0.12572336841854811,0.9015282623360557)
(0.11990483177121135,0.8716581759523054)
(0.06098706284640845,0.9719619015972201)
(0.30109428884974293,0.678347429600756)
(0.16648089018539675,0.8447147563032349)
(0.016878305914634583,0.9832282386593894)
(0.3113014201325621,0.6892507754953414)
(1e-09,1.0200826579896005)
(0.27984030366690066,0.7173412501866218)
(1e-09,0.9706682554148756)
(0.3155742311446349,0.6962690056725144)
(1e-09,1.1466380465550705)
(0.42076741660966643,0.57371046176427)
(0.38336473221424433,0.6202422379077694)
(0.08017120601064141,0.8941936318753717)
(0.40143659061983733,0.5912794822563515)
(0.2211868883487543,0.7838770776545344)
(0.05298529838625952,0.9271328078613409)
(0.24440242688845887,0.7611012917079168)
(0.3067774768786241,0.7103729166785323)
(0.33130247643024996,0.6871402850298508)
