(0.12471200103047209,0.8639448422195776)
(0.2618250787967998,0.7684422361826875)
(0.3692264213316908,0.6384687424257683)
(0.3370420148330872,0.6659552387841068)
(0.22292273249500005,0.7810536451963163)
(0.13320515714293635,0.8654862310246253)
(0.3958592483163247,0.5937455841770645)
(0.2058847830981904,0.7888053070098189)
(0.31023386044526857,0.6914862681189763)
(0.2769638150077181,0.7029476553835805)
(0.04492305535257169,0.9540390207594072)
(0.5078293817590844,0.5025173388176923)
(0.02613452201653082,0.9266672093061549)
(0.18352095087235637,0.8289588079274365)
(0.14984800247190994,0.8414241524713014)
(0.1652642804776318,0.8479539680775993)
(0.16158495308273102,0.8364339300170963)
(0.23744903974860962,0.7537948581745268)
(0.187271904021965,0.8239940038119631)
(0.17914223464376294,0.862305742418727)
(0.20048056984142057,0.813821011967915)
(0.2501570837910416,0.73321407173851)
(0.273674448385969,0.7208619325920438)
(0.194707150652714,0.8051381218371306)
(0.26195333944063454,0.7377471742649959)
(0.3793809772971552,0.6152156929189484)
(0.1461128282341241,0.8620559792077203)
(0.14247761734389763,0.858614193757174)
(0.23283166911134928,0.7744187387320522)
(0.2171481007651898,0.7880643072395946)
(0.06659045135362603,0.9335888192016519)
(0.33031479185063395,0.7081243094277734)
(0.09813218129250673,0.8878788939251206)
(1e-09,0.9973930277771795)
(0.19090310316338935,0.8019845652173627)
(0.41107692655391326,0.5799370830239297)
(0.11958587840522268,0.902549780830321)
(0.18034509100716856,0.8538081996693327)
(0.35977868236638844,0.6623904558489302)
(0.29940339635703767,0.7130756096526877)
(0.2740182973624606,0.7300333651368226)
(0.1924146758714766,0.8158977405591811)
(0.22875372015071568,0.7264275836443377)
(0.1981580613862917,0.7984822275264974)
(0.08547285274354897,0.87849747626526)
(0.1928726186979908,0.8002410696940111)
(0.046428493497504025,0.937509452582434)
(1e-09,1.0317136760970669)
(0.20175141267601113,0.7919355431675065)
(0.21368181993989416,0.8058390782488264)
(0.2913333539189538,0.7066140955097092)
(0.35947143131162673,0.6330857035833976)
(0.42855964695473453,0.6225279435087708)
(0.3382367940524945,0.6552275329567249)
(0.20115807797189422,0.8102441812515324)
(0.2845429780910751,0.7153060602962638)
(0.11988638484716761,0.8770606750191794)
(0.0892839253607978,0.9146028217564519)
(0.18921691211844377,0.779887144749999)
(0.22282894995843125,0.7700817809276911)
(0.20549904119859064,0.7873243835617852)
(0.4843398032537113,0.543239960838163)
(0.24619626220770122,0.7358518921811833)
(0.14493493000362148,0.8452795850535019)
(0.12291137433236554,0.8950642056014562)
(0.14170666498426657,0.8444671037886964)
(0.2092441910507784,0.7884088174764134)
(1e-09,1.0228795919592997)
(0.25685575629832164,0.710228397916229)
(0.2997783147711886,0.7277615019148292)
(0.03529470476669168,0.9624360339443597)
(0.25960290933056474,0.7098865026465564)
(0.1370819449488209,0.8880452985812854)
(0.28479323420698355,0.6943688477139348)
(0.3275623855951762,0.67324415761463)
(0.22850183191670737,0.7867038589042645)
(0.14732346004174401,0.8739291300825233)
(0.08491193545277226,0.9092566374848248)
(0.22562491370997842,0.7880978436666919)
(0.1367259565292098,0.8362285287262946)
(0.27944940514866046,0.723322452501883)
(0.1538790432838259,0.8043632126024102)
(0.18500628326725288,0.8057316034788652)
(0.05891511214763504,0.9016065149951242)
(0.33940157349423417,0.6721325930490357)
(0.387844868765199,0.6197918432189471)
(0.2897574092108315,0.7182863097656802)
(0.3608581773607925,0.648322040651118)
(0.10865354089708297,0.8739902523514533)
(0.3456469474626645,0.6779756880464206)
(0.2144978993203854,0.7764560270839157)
(0.22461115970641995,0.7894559398532411)
(0.19444763263863432,0.8037880726027261)
(0.12450124619850862,0.8652214629138488)
(0.23782104758359043,0.7455402017139532)
(0.1551529173317811,0.8349613778537032)
(0.02374492236498716,0.9864439345675774)
(0.19260576299104804,0.8062899690868446)
(0.12124558257706478,0.8991621136900195)
(0.12284926370679533,0.8585015900556795)
(0.4545168348780084,0.5444756032023006)
(0.4790556378234157,0.5485193251888337)
(0.29255748693894856,0.7194855546695849)
(0.20944041057141644,0.7991579024673784)
(0.12704088226828705,0.8650498712751047)
(0.15546524911787976,0.8203500638005385)
(0.1869600559604729,0.785237292756394)
(0.35107139259345505,0.665086770220534)
(0.26508484368754853,0.7348886178749632)
(0.12586665032362104,0.8758735753369327)
(0.2532129607231646,0.7461662573181166)
(0.3180769333216866,0.6524084939664985)
(0.01101344961534442,1.011015314123805)
(0.5247512544113216,0.44290886361290627)
(0.2012296879783854,0.8056411024900527)
(0.23962243416385687,0.8029983536434335)
(0.2307547322117797,0.757392458384054)
(0.12253862356363002,0.8930631113892518)
(0.07950951867664878,0.9233249537448984)
(0.12341956663335812,0.8964536450857167)
(0.09267404082783924,0.9428761959844031)
(0.28761522930085176,0.7047565905515429)
(0.18292885846451118,0.8160335708479979)
(0.1520161236664297,0.8314357713453541)
(0.20285627027163952,0.7682843915519377)
(0.2302099536504688,0.7576716788502572)
(1e-09,1.1457503111451623)
(0.11865708933205013,0.8869707326915813)
(0.18822204410195006,0.8258651960336515)
(0.21630966246806205,0.7802879170324394)
(0.2877013311787333,0.6993655717992916)
(0.11991760764468767,0.8929829099113238)
(0.1352987267551851,0.8728157892815123)
(0.1200359192698573,0.8791170259611247)
(0.23376926407754228,0.7797283487411356)
(0.22999347805107098,0.774655115835395)
(0.3347380134846892,0.6391718903802196)
(0.2089213779131113,0.7554818539368929)
(0.22706679514302466,0.7817084985950615)
(0.4188207912644796,0.6140715278224603)
(0.11384811847955124,0.8818375222398368)
(0.32498734081822167,0.6816184721434309)
(0.296741998377192,0.718602943474117)
(0.30280435993201194,0.6867941875623255)
(0.13172457586892833,0.8573146755167589)
(0.14723153582447843,0.8286784953535785)
(0.19296279360209226,0.7685032639579591)
(0.12343169363115915,0.8691151990245185)
(0.22254683280740187,0.7904598132448681)
(0.20997747776134026,0.7901873259072224)
(0.005710089180274398,0.9790044750891034)
(0.23571240299833418,0.763558858804345)
(0.25169759331876745,0.7702464091286051)
(0.3902436265641103,0.6207274969199066)
(0.20261555122549488,0.7933438965930143)
(0.2765949124035939,0.7269374429867933)
(0.13241007013008757,0.855723326583466)
(0.2359122848196191,0.7739503696476145)
(0.2326090736539194,0.7822479603757322)
(0.11903283251020655,0.9138727698448333)
(0.3110783350595689,0.6895683161881005)
(0.06425927564890954,0.9154227666001972)
(0.23137669808844696,0.7707116105873839)
(0.3215583084525289,0.6786539344593054)
(0.09733012101222925,0.9030872912656939)
(0.20094996041318017,0.7970157615881858)
(0.2559348702986122,0.7570516499151664)
(0.32324177451693265,0.681220381389487)
(0.21609510200718363,0.8015761845868973)
(0.16870380324898657,0.8294550844943677)
(0.11907024491857618,0.8957975790269077)
(0.20908183126553442,0.7970238265296435)
(0.24815349832578837,0.7490330457012025)
(0.2476364179558241,0.739601906067295)
(0.2117597126444168,0.7813877189662685)
(0.17306804665498396,0.8039623768812744)
(0.2652846707769576,0.7524203783694801)
(0.1952266202289528,0.8219847144173402)
(0.04841150185133466,0.9554007728003909)
(0.4976049527691371,0.542314521806078)
(0.25582756442814436,0.7566377783676217)
(0.12063446490577619,0.9146396799559738)
(0.20260636693274162,0.7958261001108019)
(0.2507509026271173,0.7406380386632733)
(0.11884823868187896,0.8974254529740119)
(0.03504632347270314,0.9631769536015771)
(0.05627078738460428,0.9382384847413399)
(0.10859423912355101,0.8556509711016065)
(0.2259112063738785,0.7837596134778277)
(0.33041068821579334,0.6706386415956278)
(0.10350444546298987,0.9100106227407603)
(0.1746802061520047,0.844304475034012)
(0.2069212131435472,0.7939911094118025)
(0.18474757189419924,0.8092086429325694)
(0.1947837314308524,0.7912362819277095)
(0.18120269153612079,0.7868114633253349)
(0.22653020013182718,0.774557612438588)
(0.29294889743511926,0.6686786024034828)
(0.19576338445077085,0.7880289940457839)
(0.0569158807947754,0.9270044462765951)
(0.1956632243693018,0.8035382642387305)
(0.3595899088710795,0.6289268677376493)
(0.1946625224995183,0.7974643387690994)
(0.24890270679659637,0.7190000450276794)
(0.10383852786153398,0.8905757079264885)
(0.2777701147927859,0.7275073583794023)
(0.0263583226228697,0.9858124272482651)
(0.1657617736838247,0.8319782049674129)
(0.19958489293150894,0.8188647144697472)
(0.27736557059414335,0.7427548030444334)
(0.15082524664052466,0.8484932460656659)
(0.1392973497736164,0.8628570092487162)
(0.10668741547430627,0.8916088544966463)
(0.04511429059245984,0.9615252427735975)
(0.22703857454444556,0.777834421995347)
(0.24214234097889023,0.7724816346957556)
(0.28412993061179725,0.7109502264035003)
(0.14596016235121917,0.8294723697723249)
(0.20016886522460883,0.8054210908682105)
(0.2750193822526125,0.7320013137197188)
(0.16890021556865104,0.8524806248356945)
(0.16653200916521424,0.825779345649837)
(0.21202271363214573,0.7852643338351439)
(0.2039193240145317,0.7905585976077837)
(0.1926164475590574,0.77355596071554)
(0.20694649147575214,0.7939448205354916)
(0.118176931004242,0.8922248982835839)
(0.14753931087663838,0.8765551384270633)
(0.2726987243102092,0.7150961555707976)
(0.0990392267516805,0.8886889305592218)
(0.07753099742154665,0.8983864826795008)
(1e-09,1.014135204948753)
(0.12088574714375987,0.8996854114686362)
(0.08709224114930547,0.9009648820784127)
(0.3833498658673676,0.6031116304789085)
(0.21067252429619318,0.765832485088933)
(0.19613583274510965,0.7899260899765149)
(0.278288935313605,0.7161542145680797)
(0.03269628770690719,0.977273455616836)
(0.18576325207295072,0.8067584290688591)
(0.3165699344138854,0.6671140472108696)
(0.13620656233476944,0.8378555382018329)
(0.28336481469051994,0.714598419873333)
(0.14740172866919274,0.8626728232088603)
(0.18345958092101983,0.7943467739199896)
(0.1435316284664629,0.8685907222793542)
(0.1471637290455205,0.8582317384823623)
(0.16828717429118123,0.8277042451767301)
(0.40195306044663387,0.5917160668468445)
(0.29110816291876623,0.700924090734985)
(0.15191755032766593,0.8459946725891271)
(0.2945765881727986,0.6653260385466472)
(0.15488525689619295,0.8329786660826334)
(0.1909988458934622,0.8171952770355067)
(0.1700322894602264,0.8114278195612573)
(0.26277176651874223,0.754883147334574)
(0.10343673705118737,0.8774648758443296)
(0.18485472293709448,0.7756269103319365)
(0.2478059693583403,0.7505271674574341)
(0.19136742147656308,0.818580704883575)
(0.12679772157826294,0.8548574490415582)
(0.24601624362681415,0.7751716260506719)
(0.24360426179890854,0.7260279641526258)
(0.40292551096110224,0.5828524632695621)
(0.33990816333992513,0.686264454886253)
(0.06531813483899468,0.9200627592154742)
(0.085479780952091,0.9076011106810933)
(0.18537620393491203,0.8133661199611901)
(0.13951657399901976,0.8754311197971084)
(0.1871320980597819,0.8122268864359894)
(0.3027840960863666,0.7023454536295949)
(0.3699481336164765,0.6276051315289385)
(0.25319136955944826,0.7713647737202317)
(0.213530469475148,0.81855792052622)
(0.16487976634524684,0.8298866178056137)
(0.19263853721856847,0.8203916086589526)
(0.3340560560854649,0.6753344012664222)
(0.1633940579524817,0.8372961088556975)
(0.13700369192088585,0.8767299492773735)
(0.10213371034697503,0.8893531124595488)
(0.21668165273614268,0.7758103856817488)
(0.1971408593363714,0.7977421398117043)
(0.16232888379764604,0.8438484613713301)
(0.3662947521860075,0.6610421519886326)
(0.08428848319801711,0.9390801258413638)
(0.3671289682471728,0.6260711243027134)
(0.21756813650958604,0.7722758669326889)
(0.15862683490585103,0.8082355301298835)
(0.03400791586413538,0.9675383492031767)
(0.29188015065308004,0.706399926447793)
(0.2910092406352363,0.7146292304266498)
(0.08703895637378688,0.9168821616215532)
(0.09488431063312093,0.8879578662553145)
(0.3656193471133223,0.6431973454298889)
(0.2573310163922549,0.7644076226945453)
(0.029499145444724782,0.9352783669201228)
(0.11039430679722562,0.8903826988881213)
(0.26976587904457344,0.7374292098387722)
(0.03866409575959441,0.9212570267336764)
(0.22370801374895918,0.7579412103363252)
