(0.13787148174042424,0.09597708559794405,0.06327547772784511,0.7150788588075533)
(0.05288856423201591,0.1794131607804934,0.10710384338705177,0.7007586549897522)
(0.09972112333690455,0.1418511364311845,0.09466752805222178,0.6798457465626584)
(0.09728591596751109,0.0733605309100968,0.17204381820169937,0.7265924891601229)
(0.13201351570323017,0.06053546002054557,0.16093080020562314,0.6929572440723599)
(0.040323552370259974,0.08037273633866134,0.07978896844990356,0.7765338506298878)
(0.13436121018356764,0.05934149865928858,0.1320734131584053,0.7422784464483182)
(0.13444948503457704,0.12693953949261505,0.0628767319593608,0.6593297166740376)
(0.13731062391456697,0.12115609968348466,0.17845028874762692,0.6546101613536868)
(0.16433468039172724,0.06014668873960121,0.09298719463426977,0.7488117150526628)
(0.06709041801185349,0.10794235627475303,0.17597599758842966,0.7285014535095534)
(0.045249056068177106,0.055820107776285634,0.07523103627053335,0.7787776507317816)
(0.06455375862881436,0.07429744829999135,0.18595646199396684,0.77531282810261)
(0.03348585679511375,0.1863098254746782,0.14596653958973155,0.6481382818895126)
(0.10479385399416717,0.09550099437869358,0.04492111740187532,0.7752888301469638)
(0.140061156169656,0.0725089779797248,0.22962526860002916,0.6791582446772181)
(0.0612942803199089,0.16682767568610132,0.0953813347818823,0.6307067772821114)
(0.0644627786505321,0.14850593370390144,0.2186950852235637,0.6857447776282924)
(0.050309328108296844,0.18861894641099491,0.1405129979570693,0.6221660304367282)
(0.11560032405184982,0.055754599309874565,0.08812507068609328,0.7409604375212773)
(0.07853200547807856,0.16994771576670006,0.08364142209540096,0.713325671603735)
(0.11446494124115307,0.1182612246864099,0.05886305189622833,0.6844256770388901)
(0.08852503103256386,0.08155659507248006,0.09084852002160015,0.7980598761849176)
(0.09620648550616333,0.08280278942003663,0.06232295296085359,0.7653915526087031)
(0.07674623947902809,0.07953594358551855,0.1483590005564153,0.7251914297199566)
(0.09631170693467556,0.11342463247747855,0.13156206565874373,0.7269883527405115)
(0.11030802629690764,0.11392901128517016,0.08068069530705631,0.6978670153176779)
(0.14332017567188626,0.032376717970214734,0.08967049524587221,0.6997473854344473)
(0.07785585793934353,0.11001400241091432,0.10424717695193512,0.7085804632539906)
(0.08550856771451441,0.035745523046718165,0.17839863809306547,0.7236544502763372)
(0.1401808090674512,0.00741244748659598,0.06407120454200076,0.8239395933905883)
(0.10045712347823782,0.06154264128733843,0.0532570083420148,0.7092943524059035)
(0.03771097639756319,0.180214790451697,0.07668252660521112,0.6651571980605194)
(0.07587540763921066,0.1419937236917059,0.15656420766417273,0.6806785951590284)
(0.08292654650164116,0.10793932189246278,0.13541071038650368,0.673703605015963)
(0.0788106816330103,0.0121358825122085,0.1337704948382199,0.7854918383083783)
(0.059247321227355904,0.15146171267547429,0.10265439748308508,0.6620547716124581)
(0.20367123633503512,0.08251935028346986,0.04683204230298845,0.6790570532548958)
(0.0642451702301874,0.11780208325590241,0.13312774854197915,0.7067052940412792)
(0.12580695477055545,0.05957020326198191,0.08386698434544734,0.6871811273999492)
(0.10829986503457431,0.10072415701509524,0.05025156780964023,0.7026803581531202)
(0.035931231905187384,0.14604700997143116,0.05512751335401898,0.7102538984231419)
(0.07771019864556793,0.10979750101487758,0.07523853215309786,0.6918518847639162)
(0.08558928425371422,0.15743227498993717,0.11864472498650533,0.6353766758211185)
(0.08499418452710543,0.10932593287839466,0.19489341018442521,0.6747517612840513)
(0.08096053594460874,0.0,0.15578956370595257,0.8198950450853805)
(0.14099526739706766,0.10325820006710057,0.10398218645891627,0.65910703917728)
(0.10216925787492026,0.11098753332167163,0.0910452201637013,0.6952819010512585)
(0.0702747322315498,0.18264598751667518,0.07235674845944712,0.6509324804024812)
(0.10875722616222751,0.03866858876711009,0.07931874599195485,0.770234284725926)
(0.06752985276556352,0.11967614361407354,0.08961002819027387,0.7203886196714351)
(0.06838509150588726,0.1372815075026397,0.11370299917288018,0.7130798746246788)
(0.18523600964516668,0.015683790642484454,0.1659786633940634,0.7531192848825673)
(0.14734045587838085,0.06892757843452435,0.21111813142162078,0.6541931729269785)
(0.10752025612809715,0.0808389870805356,0.1166993649188587,0.7486191957565469)
(0.08246154828409592,0.06523743013585785,0.15868515450885926,0.7639963781570535)
(0.05972151777051701,0.191809981589932,0.12419159818613901,0.6548355058366672)
(0.060936123913614235,0.1134501222198309,0.06716279158548472,0.7675633761486946)
(0.13545917999003307,0.0910440098088118,0.09844824360429302,0.7286737802600453)
(0.08583359159499765,0.10748385257981556,0.15342812777994108,0.7119892058144042)
(0.10089818042369553,0.03644212303892321,0.11628964949617934,0.7725564088143256)
(0.09535002471083477,0.055555723050473085,0.08307843334443704,0.7142284937102941)
(0.10451455391196537,0.07494936546986183,0.19673964628150079,0.7161440216715481)
(0.08249605484532889,0.11424239683342348,0.13120036043935449,0.7274194367634244)
(0.10446430659815363,0.0774017601664644,0.08846196317566496,0.7446850106009044)
(0.06292907572925013,0.07492149039334611,0.18411907842317216,0.7502404570750761)
(0.11440361533486663,0.08945355993380043,0.07246654368385368,0.7588891297301478)
(0.1162831167369045,0.16440989816145227,0.12421720787923159,0.6837804234766119)
(0.1282400118741947,0.10041235736893289,0.12408416758658809,0.681307026023903)
(0.055501817044817964,0.14531756681904912,0.13135434409867222,0.6725410389150256)
(0.12689156250008324,0.11647559679940615,0.15937028573068646,0.6695747479930073)
(0.0952566646919065,0.09860883284344645,0.16306235413943804,0.7261557441187526)
(0.09655270035480751,0.03222164641720672,0.07072618138898121,0.7378059252175893)
(0.05936823223514869,0.023834969736331372,0.12625916904172624,0.7877650637062286)
(0.10111322078826904,0.11683758551548822,0.12965506136904115,0.7065112829391631)
(0.1443503144760608,0.0579233061529267,0.06394659597819623,0.7343478054031344)
(0.09189607289638482,0.09665618614136995,0.07490552928742403,0.7229026607070769)
(0.11212984105135777,0.08191152817676876,0.03933577172459643,0.7560779584143528)
(0.13568178083649646,0.11335432073591328,0.07961425376669976,0.7117484438312793)
(0.07681226293485223,0.11360194977090345,0.12783513728521248,0.7695982824086114)
(0.057762119360571185,0.07309091318123263,0.09384632661560122,0.731234872138816)
(0.13725726114760814,0.18036855390275178,0.07593625012306836,0.6414608572742907)
(0.14092705946379744,0.018327193983888698,0.05387342181258202,0.7379377367261033)
(0.04690780339504458,0.11438999850479495,0.07419984412495281,0.7459832275531503)
(0.13738690625101238,0.04120743446940917,0.0899721950261276,0.7541622243095508)
(0.07295143086184862,0.08424384928364105,0.04982381550620976,0.765550568133438)
(0.12799025553949123,0.10938032925587213,0.09701634106149265,0.7027880772027335)
(0.10947811023672992,0.09188629837191685,0.09011459800551973,0.7067038464484277)
(0.11629028550498859,0.05875416856313047,0.10108916593378574,0.6848917927328145)
(0.04392110100295679,0.029352526153725314,0.15160820445196604,0.7659524753967623)
(0.11240021126597975,0.11493087031816981,0.2118962552454283,0.6707793909754844)
(0.07198279951756104,0.08736742218313695,0.12891342104047854,0.7274493164064753)
(0.17393211511138876,0.0,0.0522410224914952,0.7369947564874271)
(0.11550888315542208,0.07973819217670942,0.02163225762217038,0.7494466420625692)
(0.11399240202777874,0.1315966961010983,0.10053263580126622,0.6944917473562036)
(0.03532195063401682,0.09554731693567088,0.15899206315839348,0.759750671804)
(0.12533881303754119,0.07607714633487073,0.10697815420608697,0.6745400095534241)
(0.05960749937147844,0.11736908022730845,0.05383779576472102,0.7002100880697183)
(0.12384426237357467,0.07891528552309185,0.12803793610956937,0.7537822859015659)
(0.09658160373878168,0.24145185360648533,0.11660457983297265,0.6132435543191683)
