(0.10525134952431542,0.1004750189406106,0.09196405683074255,0.7019037980014249)
(0.09047980718708176,0.14763401365359877,0.11745237475473755,0.6730245884082884)
(0.07462998231907793,0.09647502505416611,0.08649688311749183,0.7046948397225979)
(0.10258703530762699,0.11141437977966674,0.14190562693924078,0.6842253031853366)
(0.09459280117461923,0.10566413152122729,0.105808373359034,0.6916769937593574)
(0.11404963579371637,0.16150369328760147,0.06683253325456616,0.6442757200856983)
(0.1139331276218505,0.09585284937820746,0.11405258636592037,0.6905176070953623)
(0.116708659800648,0.08849460539898694,0.13766117759044585,0.7131821948620194)
(0.0955815946659096,0.09441930877305582,0.10836222541165565,0.7037928111621583)
(0.09268598643233315,0.08514673160721763,0.09941301610767994,0.7127648202943915)
(0.11856488648042317,0.10568144680879168,0.06564321278788905,0.6837808522961608)
(0.09102334776463372,0.08042157674448375,0.1307409690498873,0.7358806883222746)
(0.0944000838019135,0.09275122219962015,0.12298048795234544,0.7055052095677546)
(0.08663071168880533,0.10094927562054562,0.15370449362392177,0.6964334169959647)
(0.09291854691277096,0.10720754607387648,0.09714138910955634,0.7353979066515473)
(0.1052552868774334,0.1087092276524524,0.09987266655039832,0.6722451953810665)
(0.11594977723606051,0.10485883440492365,0.10451397628400629,0.6826351499614126)
(0.1215765043728027,0.08258985435217775,0.09430253605269251,0.7057051993987948)
(0.10553222630508617,0.10319220052817021,0.08640005447768528,0.6825421953483543)
(0.09376664334880393,0.07287254107956215,0.07298674964089708,0.7323676337488069)
(0.09614041816961068,0.10169011347778392,0.1195400863106793,0.7008001552831518)
(0.0879623169316378,0.0685739527798369,0.13263868874776247,0.7003064244697077)
(0.10526242396622977,0.10384051234346123,0.12944583642984253,0.7061750180878602)
(0.12055171012461792,0.1366150696880468,0.07133434610946651,0.6925823104261419)
(0.0939385665349886,0.09349862963120974,0.11865988991776107,0.6892722866254709)
(0.10137357576211463,0.10441939093456155,0.1186809255625318,0.6982888789543615)
(0.07958987976186682,0.10356337090031009,0.12192250978349208,0.7063278120365228)
(0.07111161169566246,0.10664535731478623,0.1297555907233454,0.6980501058371934)
(0.0800062070486228,0.08328083493608548,0.1218394708509961,0.7009484384659442)
(0.0922059443585187,0.07151930497779857,0.07360759502105062,0.745701113917448)
(0.074615723445823,0.1098962279903269,0.10885400544283122,0.723047190945304)
(0.10045308883106606,0.11806867683862105,0.0977784407350128,0.6890423044380041)
(0.09909359352192228,0.09857351253433358,0.13807277050977537,0.7100385407336789)
(0.09753797162763203,0.10046077482260689,0.09703462109744768,0.7173384286581803)
(0.08720400663568861,0.10530194860299048,0.09113928893564603,0.713381095563864)
(0.04638155029960299,0.11791174049067774,0.07405530704972105,0.7146816466227053)
(0.1030122282854375,0.10756318531068354,0.0900932332040772,0.7021716267767376)
(0.0796468503305655,0.07639543231613963,0.13369697741055053,0.7279772480505157)
(0.10363426573724675,0.06312613423321613,0.09052388068251443,0.7490009065647065)
(0.12445615170333477,0.1057674478558258,0.09516614285160155,0.7035852698938969)
(0.10090397553785811,0.12043174788953778,0.08500418491138238,0.6886297478064844)
(0.07810323757932253,0.12277588970959834,0.10646765833887567,0.7133422957866415)
(0.10767332568363798,0.07153131654398913,0.13273915796599461,0.7206363603959249)
(0.1275675616284431,0.06576627139929966,0.11131450465318778,0.719178393018268)
(0.11180892267632928,0.09528801716552027,0.09776091312680577,0.7040805760350167)
(0.07983996794606855,0.0955727026788734,0.10697871466511036,0.7531617369787338)
(0.11219465620173322,0.08066787243348326,0.10268547780121909,0.7210777034007239)
(0.093658622872425,0.11463111036097125,0.10897666296808008,0.702830234870215)
(0.07785925838066284,0.09730607094343824,0.14341396231787576,0.6992589656281205)
(0.09526068392091656,0.10143331169004362,0.09686941714159225,0.7119608756920327)
(0.1052824820573623,0.08899051180526028,0.10936562040774882,0.7077956940009286)
(0.10680891941478639,0.10745089720687381,0.11187853040215599,0.6947122759146842)
(0.09539999950626336,0.08746173050623342,0.17697417669444726,0.7097838943791849)
(0.09871921740997085,0.105688658890554,0.08625742050165665,0.7054136902894863)
(0.06929722529628984,0.12348625647183453,0.11960372144302046,0.7006211907065024)
(0.10539116028986491,0.09468715780472887,0.08056505283797631,0.7061871320851384)
(0.08707817316696509,0.09444948881241588,0.10488003172983318,0.7230516895348773)
(0.1003605731486725,0.07844591861208287,0.12469735239979829,0.7315631611836383)
(0.09080423603554871,0.10375780099945765,0.07859514222624218,0.6966126466833162)
(0.09876497182701417,0.12830113462799894,0.08487320907633472,0.6737943267781735)
(0.10866250715372973,0.08580716690952368,0.0892641734137147,0.7328387194437683)
(0.1012117047657573,0.10682468100377226,0.11757738637870774,0.7113921842392069)
(0.10227466338174745,0.07790145138647404,0.13180993638146635,0.7209354639435983)
(0.08198656977670955,0.11813522898487232,0.12499306876133721,0.708461034754374)
(0.10389810833690072,0.11130376922645699,0.13615766006873434,0.6735822334649557)
(0.11615748617656117,0.11783089486593586,0.11146334114075915,0.6611051309733851)
(0.06989258001733371,0.07540782158565337,0.13366146696302408,0.7434050050083392)
(0.09478700145756966,0.10832301869805752,0.10995863079706858,0.6707098863046185)
(0.10830810734959104,0.108380031288132,0.10493173856152678,0.6871617536979415)
(0.10384877420788022,0.08297078726864121,0.0764646186363669,0.7191307948065637)
(0.1356233736557857,0.13254967062145706,0.08456040553431074,0.6583280423037657)
(0.1052413457966577,0.0948497272925431,0.09796652795337638,0.732575397427556)
(0.10751926074272777,0.09582915203710114,0.1448059547546747,0.684208142551734)
(0.10858367013464879,0.09190752754803817,0.08605657380083968,0.6916643216059238)
(0.10140066209795545,0.0987400876422581,0.07540216273691024,0.6989928969287397)
(0.11222086268243256,0.1336189002052166,0.11291840815288785,0.6735614369208056)
(0.10848131232938206,0.07967685251201234,0.10164128999929567,0.715894830485829)
(0.07364193849767277,0.11044154647212115,0.13731518176101493,0.7334402194509109)
(0.1280439796985457,0.12548693000562222,0.09371884729572715,0.6821548375159082)
(0.10773709131535644,0.09607140625423945,0.06886337679783754,0.6877667099163076)
(0.10833622936962552,0.1251118384714023,0.08582897800011563,0.6788754797833123)
(0.08666510883778483,0.0802702817559834,0.10449201316525597,0.7250536351945488)
(0.0997224939282056,0.11462513320092467,0.09193921739307667,0.6787718091800057)
(0.13983041417460895,0.09110465388216034,0.14143063209240367,0.7055304989677535)
(0.08971387575114911,0.0746979294536617,0.08018818791288972,0.7052954793105258)
(0.11220814019241004,0.07241885432299537,0.09113479417964902,0.7006798676246124)
(0.07286992029003754,0.07234301006489842,0.0919932633141247,0.7414270496913856)
(0.0914527189652869,0.11400434231399634,0.09792709881033206,0.7010365269205857)
(0.11396845787033387,0.06928287993174635,0.0954225514837892,0.7209440853067619)
(0.07858284127082367,0.09601678375517499,0.10898286921990433,0.7413263052786008)
(0.09238021261677316,0.12262820704753631,0.08420486996337113,0.6790170784569416)
(0.10214566629222706,0.11916314989800442,0.08730970455965248,0.7055254746718201)
(0.09443760414690779,0.12390957078450973,0.06509921619147392,0.6873387497096125)
(0.10426864584046215,0.08573618813931988,0.06067278972842313,0.7175233456011797)
(0.07387958060018163,0.08764058788181137,0.08515401716270724,0.7178895837801884)
(0.09408953609509614,0.1011454942324891,0.10834176454326584,0.7190365654813584)
(0.09203568796428846,0.12948852764544697,0.0954198386066538,0.6936919314317253)
(0.12482966407478735,0.10719671327992188,0.11219916848983827,0.6560117036047114)
(0.11084032773444227,0.0991313112367617,0.0737087718417587,0.6999700930250504)
(0.13027414135006207,0.1074476795995756,0.10129601967367935,0.6871033679687462)
