(0.08390927049840528,0.11046627325540492,0.11400525035024146,0.7173506019156197)
(0.1103846810959061,0.20378138516347905,0.02180009970645357,0.6698923566504001)
(0.10804305599085237,0.1055105580792034,0.11881437925274148,0.6640402041666044)
(0.06974441106349615,0.09651523550205378,0.19557609339037318,0.6854008781467694)
(0.06565942426044719,0.15142384692942162,0.09400630070562277,0.655203289339604)
(0.1037034150889121,0.14125607041644156,0.049998038187106617,0.7103088096947151)
(0.17115566109376457,0.11885632688830906,0.05954823240555254,0.6562538971756771)
(0.10546563253713492,0.09377299213001418,0.09702531193915201,0.693246299116819)
(0.09819175154173995,0.099616300873718,0.11398775646684496,0.7098189304592535)
(0.11268397657684742,0.11236661574883831,0.04261097405217254,0.7038272392263785)
(0.11360084665755396,0.06218295772988058,0.07730832267247385,0.7139637494891324)
(0.11360687600739464,0.12865139060124425,0.0685299120547186,0.7049748462913278)
(0.07768663768691467,0.050356517673995425,0.14165286818121836,0.6777934670165424)
(0.08457123359036721,0.06983889192677972,0.1350661236621421,0.710445886552485)
(0.14032402233851032,0.07881113430712126,0.13530311961897265,0.7042513224991741)
(0.10768357510680471,0.1314494303936315,0.05810875889173922,0.673439211103048)
(0.12862932545812988,0.11702268536835145,0.07182622783373996,0.6840117313220243)
(0.18401693724241566,0.11336811694127814,0.023777952348092476,0.6708680104263268)
(0.1177619363448532,0.07515022363800401,0.08145172384786213,0.7426662632864547)
(0.15042901906469966,0.05663445972463867,0.04356223911912028,0.7353451727689732)
(0.11512104934710496,0.11916315883094217,0.09585989189933151,0.6966772098098166)
(0.10709742768670548,0.14470683166261497,0.10932545423337549,0.6437603989807854)
(0.10424094798723271,0.10005110514183331,0.10320689050145096,0.7295793257369381)
(0.06989006411204296,0.10537064717748018,0.15187160264515234,0.7156590703857769)
(0.07576613342820755,0.11187571084291488,0.07491612978363242,0.7304492720125002)
(0.08285536616518181,0.13180914916221323,0.11686169535788465,0.6787448021664111)
(0.10912853195636556,0.03492185718906977,0.13811815644754358,0.7517021634188767)
(0.12009808186563017,0.2047639448866395,0.07712181354682972,0.6519808235510219)
(0.059218756131402914,0.052147409683298465,0.11337924724758049,0.7295847543639097)
(0.11542797639766784,0.11871320629021138,0.09359961330493893,0.6847748694688364)
(0.07284392209561391,0.06007327314180583,0.09893482518121692,0.7636953763269247)
(0.13667614959653263,0.101048565790071,0.06564730848810826,0.7199081085825167)
(0.0755287105247304,0.07984337232880498,0.16529046256725485,0.7348079259086441)
(0.09781287619236265,0.1043914457566205,0.13640632209402143,0.6546935127229935)
(0.13043091920012626,0.17372487443082557,0.030774276840228657,0.6864941359428732)
(0.09229132774312881,0.06888272930179289,0.09226416365158746,0.7668959170296491)
(0.09623255811165199,0.13207901490325172,0.08596919822835257,0.6951108032824675)
(0.11436145695922213,0.08799421143795313,0.06571992506586985,0.6892696660041748)
(0.08448699306225106,0.13150269562229314,0.12407285597836729,0.6744128406840089)
(0.09268919088663011,0.08730830896427176,0.11579639334769291,0.7365104136493846)
(0.11814272343297362,0.11426082897201241,0.05065845394039272,0.6991202889211493)
(0.11494565160251626,0.11919126736655795,0.06558655565853407,0.6864188943350754)
(0.0631835725175218,0.07883356193685276,0.16753930877444417,0.7090231756318573)
(0.1363709416602475,0.07895575496185797,0.09843599081660609,0.6878841838961669)
(0.12402904878291046,0.09312714901954919,0.07212371404205051,0.7291871094640551)
(0.10723128528871316,0.10246135100275995,0.041088962363302645,0.7406575229001076)
(0.11805684182827687,0.11740757268547793,0.09823087391911414,0.6990029559358543)
(0.13248201024483566,0.08260432606427337,0.15142866617878237,0.6857971527893568)
(0.04758997736681611,0.10033084361107328,0.13975401328418943,0.694341092132899)
(0.14455257234436275,0.05701995057053634,0.08370461294951168,0.6877565431403624)
