(0.10270077357460822,0.10652736427707435,0.09803795535121232,0.6886439577980616)
(0.14005925605068953,0.09113345821548423,0.08907575927556934,0.6593290822783225)
(0.1436979262245923,0.05759687715056262,0.15726935008736015,0.6880244745909534)
(0.08342184708365662,0.15162342716283878,0.10514780613588239,0.6855912294071498)
(0.14468478721464398,0.0865524690819354,0.047680863557647765,0.7351337132272296)
(0.10010974654872298,0.12905636679190022,0.16500377270059868,0.64957113101196)
(0.07926355110899615,0.06858834683363563,0.1075213733766176,0.7301340486549533)
(0.10130374723470421,0.13252045333913065,0.06548005022915321,0.7060365088928426)
(0.07503136285358449,0.09493064963128527,0.09319691124071917,0.7300062129351246)
(0.11703643058929962,0.057669165224586184,0.13214014164982985,0.7095083451656411)
(0.09294348293653536,0.10069532424106412,0.10306079764809901,0.6662064233133093)
(0.09197684659337209,0.10249238452913624,0.13427902828704064,0.6934177735868333)
(0.14118786025079205,0.11893618134515793,0.051448615954498976,0.6926368425809265)
(0.11861653660089345,0.08957990487022466,0.0882376210596226,0.68981562384093)
(0.13640477992031183,0.15651909935305372,0.08176285047171794,0.6331357151595554)
(0.11230016898845012,0.12209103076053535,0.08456690336715922,0.6962228926413766)
(0.12372707981526095,0.11831747382904931,0.01720473967086594,0.6987943133022634)
(0.08301571120092602,0.11099515939328405,0.0850759217625439,0.7117815422210346)
(0.059112476066580405,0.14951821390307127,0.09198622024983413,0.6783998839556828)
(0.10453723366033064,0.0693094280789686,0.07223521775532275,0.7307802202686229)
(0.10727253778160296,0.08859477680591132,0.09642191613960135,0.7432248671972123)
(0.09709960889858828,0.12580872199407658,0.05891856737409961,0.6923873090876786)
(0.12387238464072908,0.09460047409040714,0.05386408220375092,0.7235259211173329)
(0.09610709625405346,0.06822105811715289,0.1358429995659653,0.7021221130981394)
(0.12434086015919939,0.12242504784356147,0.10368996979703293,0.670791059209253)
(0.04657057968088045,0.10018783645128694,0.13785597716130715,0.7360172406118027)
(0.12894012323888993,0.0783702219098043,0.08603853578241892,0.728787962400443)
(0.11443708525737868,0.11723080136463293,0.07525084147998244,0.6897656031683878)
(0.13217970661651504,0.11188369240062991,0.07976708738579603,0.6970345191683741)
(0.11958141071727629,0.09832904668062394,0.08143459834081214,0.7009057613735977)
(0.14311272762594618,0.11192385507972574,0.09437577851584145,0.6738089413624477)
(0.14505959893317638,0.08757015470182226,0.05890778349046108,0.7153604966176412)
(0.08818575951078428,0.08446818817601101,0.09798948389176898,0.7157127857288793)
(0.12172329586480994,0.07772413685586309,0.09414830989588568,0.7159448746785236)
(0.11660322441882584,0.110765347928157,0.05879299051486758,0.713930343799418)
(0.10016083156248523,0.08796529186070166,0.06552762995752305,0.697636724187332)
(0.12407416585596823,0.10352545457353923,0.08284691445159661,0.6986640439649587)
(0.08509060937755274,0.0522424005622716,0.14671964518400823,0.717898180447291)
(0.0766231107527212,0.08517928499211751,0.12613125708457476,0.6856687105739244)
(0.11260497157005765,0.10153965009240416,0.07887792260861234,0.7022211183098545)
(0.07134776122492129,0.0945811384460228,0.11512523281342497,0.687709737373921)
(0.10591176173211361,0.14574365053430915,0.0868725999290221,0.671241085674992)
(0.06639600221949596,0.09787665198104992,0.15244891096278876,0.7132533815150613)
(0.09538908180974033,0.10899814857100672,0.10523823124920567,0.7034598838439771)
(0.10108655125771174,0.11106225441090468,0.09802336613044986,0.6777082962360084)
(0.10408106302263659,0.10443795000690934,0.10361415449577933,0.7166355530748973)
(0.0701855774066946,0.0798585254081104,0.162267529267441,0.7305138387364365)
(0.09365830024755219,0.15758693583790698,0.09320843558741133,0.6722807385824314)
(0.11699844610288382,0.09789790812145628,0.11638377280177234,0.6939493328192627)
(0.10879778535986367,0.09591460030980466,0.05552154632233785,0.7181446448489114)
