(0.13553137240559218,0.10440287261685788,0.11777765077764246,0.7119264960979013)
(0.17048068132340627,0.1284762544010283,0.002706958733535189,0.6945946329374552)
(0.12603306754947535,0.09458948534534911,0.093149108261282,0.6940320824205185)
(0.10756037617729396,0.07299417148839685,0.07675946682537191,0.7226990081518085)
(0.04083668702963234,0.09223450738903317,0.11417951253233492,0.6957744538528546)
(0.06489659100400082,0.12990520000291284,0.09853323010238804,0.708169154521106)
(0.11478046518593975,0.09684149528072221,0.07345169679227423,0.7113185584164049)
(0.12283066640269034,0.08432852297321253,0.07833457325408229,0.7140870143817215)
(0.11753211581797118,0.11457630167158168,0.046140656807240346,0.692271239317555)
(0.09637279980626705,0.07073879560894485,0.15389524632682952,0.6983375912005356)
(0.07367590973587025,0.1649790088570532,0.11316819813172795,0.6896428724927569)
(0.07108779252060658,0.0456542180608527,0.11919425184512139,0.7123660553320598)
(0.07620957775079641,0.1157125294416198,0.05896420249304417,0.7223187690718744)
(0.12305907492218708,0.10123345087500932,0.03992429874180417,0.7062107916493822)
(0.09392009668594185,0.09398064564396276,0.10170933374204386,0.7053198583652532)
(0.11024145636571335,0.09034274513448037,0.14867747973902792,0.717966319397461)
(0.11873984728306312,0.10183815090714317,0.04314114485177585,0.7090235297811076)
(0.12758912056234456,0.11876384272787137,0.03585696082014851,0.6931829202999548)
(0.10855193572839945,0.08824060303652592,0.1267884355070272,0.689044302528837)
(0.14195781750713501,0.10992022741725935,0.08953509932734484,0.6983189267525661)
(0.16100795371778087,0.10174126886529633,-0.001423162435985436,0.7080294901715127)
(0.08216828694849669,0.08774222876847185,0.16868221219324725,0.6854486475347977)
(0.06638904064189313,0.1525374106018101,0.08713421457957708,0.6911270034957022)
(0.09909967253163394,0.12289004956741625,0.14348020220195365,0.7050689058239831)
(0.08724169242524074,0.14050536850055667,0.12015092916270902,0.716888935395392)
(0.05320481818132574,0.07210206338711295,0.17052002391521665,0.6876361853672519)
(0.062452724123313104,0.09444867681753773,0.21262668772228285,0.6947742205919339)
(0.047324274714748815,0.15668072046821346,0.1480862782891585,0.7069459335349654)
(0.10561379811647834,0.09238250273288715,0.11845669331269622,0.6991197692531249)
(0.10925003788054327,0.10226713449499358,0.046836164784055306,0.7174992343498544)
(0.12061497138535303,0.11793429499843058,0.13878778725332794,0.6908193410547255)
(0.12290640409993536,0.10015803794462722,0.16950045034409256,0.6955053141774199)
(0.13367181633135064,0.08497214896213703,0.11218999333485635,0.6935060544947768)
(0.1173352842185598,0.11880140113887745,-0.0014315515305504008,0.7130719842830311)
(0.1053492749777361,0.0717844812514311,0.20353762962181982,0.6951559979404844)
(0.1491793444165555,0.1458839141037332,0.06681027801674273,0.7057648133516751)
(0.2133712458654544,0.0635308178015748,0.11487969895541948,0.7140601085129822)
(0.10670328918954394,0.13728636580635725,0.06950605286343388,0.7130319231711338)
(0.16477047716385199,0.09556821808298181,0.07808012092500137,0.6932130979546158)
(0.10150230524534318,0.13315051067900138,0.08378377775489033,0.7000890543244661)
(0.09407516168760018,0.09700252347018423,0.1524094917787368,0.7168707401216776)
(0.06447531730913207,0.12483680747618504,0.11565098312167632,0.7043163451125681)
(0.10734648522071534,0.07361119671131913,0.28905269759319036,0.6855355238705626)
(0.11210500558452205,0.11870066919543155,0.06296871131289444,0.7077588848687837)
(0.14635953998646206,0.14369066356698115,0.11458633377457951,0.703173052981212)
(0.11123932020137695,0.1320439631143671,0.19536475941604978,0.6932795626005488)
(0.07404659605732705,0.09938764165034675,0.08756215036547615,0.6740518268481628)
(0.13381306796982154,0.06773299541178639,0.13715951948398972,0.7006637904058384)
(0.12336683582342636,0.1428860104399309,0.0863844325215053,0.6943048630369045)
(0.0931158891110325,0.09174062974194222,0.15370270044457604,0.7142747923836924)
(0.07814547465116449,0.10312249547424562,0.16024410216767407,0.693926311729761)
(0.06587749325034427,0.0797063877723979,0.159686940590067,0.7136564632389485)
(0.12902559893586615,0.09801346000895451,0.08034845710804944,0.7072325099912979)
(0.10485733345396121,0.1068497109004732,0.22130395679247333,0.6849639802721791)
(0.14006582243611018,0.0792760007720861,0.07361272995736494,0.7170764420289265)
(0.11662593658561446,0.06412928401456539,0.12402986516941081,0.721603321595358)
(0.15947824097703592,0.14837972829460064,0.08122225108299322,0.6894656388105351)
(0.06417109336411332,0.10402635609736083,0.1354006214415453,0.7108643637210064)
(0.08922024101311124,0.11514477757339489,0.09570745926089637,0.7025277831436062)
(0.066024516599656,0.09812844206981365,0.08760519878119997,0.7009486219469222)
(0.10499224806424409,0.06420602883257165,0.13296598081031147,0.7075003591564147)
(0.09770310431449238,0.10430853656088837,0.023279420180385882,0.7066124956354293)
(0.16577292335768268,0.11024951978104632,0.0696278137006105,0.7052016184437914)
(0.12243222532656513,0.06820345575007528,0.137064978458115,0.6967479332836906)
(0.09848178566871753,0.10218992286730387,0.12440143241040684,0.7025254140372267)
(0.14255853850320924,0.050877899775225464,0.17995117681264547,0.7087663630751784)
(0.09944011892901204,0.09058080828381335,0.08436383521494567,0.6899123823873307)
(0.078427026861769,0.12457712533787015,0.16105107755818238,0.7014588965415096)
(0.12177996869144299,0.11312377420072095,0.08921628288987755,0.7334829045980463)
(0.1411454059655639,0.12250853284063079,0.12598903626177765,0.7074398267330989)
(0.15582302546951415,0.16324019259977127,0.05398975196340684,0.6890265524647076)
(0.11386554840020444,0.1385555832642346,0.12252145190323413,0.6882912902417323)
(0.08628727219358516,0.08435505335905152,0.2197972743164941,0.7160349301630244)
(0.09636852888338836,0.07874333850356353,0.054766641638350946,0.6985213655875209)
(0.11829913584198642,0.09351840686392217,0.05562833803520797,0.6952670962572265)
(0.027712295959488775,0.0783402470215792,0.08534907285153404,0.7056152353538669)
(0.12134734120164269,0.09832148384023856,0.04632892077472016,0.6994276287678818)
(0.11375254075459484,0.12262786943118383,0.024860165865253078,0.720120666846086)
(0.10468050060222009,0.09523488866301641,0.13327322544932538,0.6867395330620824)
(0.11787081580539069,0.08759035795727217,0.13079569581419048,0.7124318796388194)
(0.11618266609959282,0.0899760544103335,0.10571471149302426,0.7010446407583512)
(0.09907758248378885,0.09939311179378435,0.0780246549153454,0.705413602871554)
(0.06413606360864754,0.11384818326560019,0.1194227917866206,0.6854577737384013)
(0.06888129505300405,0.06716697933162273,0.13955177629353216,0.714445942066101)
(0.07851352162022943,0.08553421092662933,0.07774629348961087,0.7203152226920398)
(0.12969347113509544,0.07277561822890165,0.12452789615961438,0.7115810419763916)
(0.24104437807468293,0.13043173825819943,0.002821501786024305,0.709283255705245)
(0.12026746851557751,0.09298419443414555,0.12849977606371918,0.692344650860865)
(0.07774576172675642,0.14886689601987993,0.07372748085116862,0.6901900764245172)
(0.08104955907146746,0.11524595857599312,0.14048901163736552,0.6920924164163652)
(0.12855015162797095,0.10428942631508939,0.12286660077494069,0.712713727656843)
(0.08954996182675035,0.1279493290443257,0.07777027902494045,0.7091223679694957)
(0.12455080217383356,0.08859513073718674,0.1357079257393582,0.6929522761902093)
(0.102270130371988,0.13310270060148505,0.08125995133813244,0.6911976602304513)
(0.1374413957729626,0.06407361707331707,0.1539556768879104,0.7095334187479336)
(0.16053361261188817,0.08768435156498149,0.07099031557692136,0.7387043512159706)
(0.09741879958099887,0.08963767949200283,0.1401888014480114,0.687382401652292)
(0.10738347428837984,0.10803762586223829,0.09782413917134021,0.7119300055412767)
(0.05414269904892238,0.10405908423348337,0.12372153829079141,0.7007359818183257)
(0.07147892211392538,0.14654884030869494,0.1405949685552105,0.6999545022421299)
