(0.10420829333771574,0.07062601729422534,0.146740675639061,0.7068266759566435)
(0.08199733681134175,0.10068427713772551,0.15365042411542995,0.685878620824163)
(0.11813950185519874,0.09708607176410583,0.14525538609122587,0.685847021081956)
(0.13669364668581896,0.09065751612503141,0.13385266172865362,0.6936564996070398)
(0.09512463227728352,0.10265380568884326,0.14441777484062274,0.6849282562124293)
(0.09433369760873098,0.09795194923993203,0.05703973953191812,0.7001856500679655)
(0.12648985399558155,0.10023334843275417,0.08496339244315268,0.7096360386097742)
(0.1306389592001362,0.11654822308051753,0.10630493761457015,0.6942425010934316)
(0.10125385918800879,0.11581217835794043,0.14357079939847806,0.6865235555374872)
(0.15998197552899132,0.1057191568224359,0.03244319771229966,0.7154204140466472)
(0.10166583307422089,0.1401515286514167,0.12882696342659644,0.7025305073128303)
(0.14411549505830035,0.09209550994489542,0.09528495583886937,0.7061234816995109)
(0.13220127286699554,0.12292012640898596,0.05985530074423486,0.7032626232845134)
(0.14396238594702232,0.09385481000053639,0.1548602244051457,0.7038298187146285)
(0.1223861549708377,0.10329075100552387,0.13790085314128261,0.6924342805975205)
(0.129057761669647,0.09122462565022896,0.1874759852596534,0.6928700369860358)
(0.10565871133160899,0.07496902978123168,0.12416625511055425,0.7105520890498789)
(0.11484113890562714,0.11171162602872259,0.14061278622850382,0.6859554887790384)
(0.08438224789717362,0.09540871087957754,0.12655320112428767,0.7070281955240798)
(0.11882582332186536,0.0641582487371176,0.10797564173127787,0.7049707420232337)
(0.06879048808422868,0.08059072558261852,0.21429385676192889,0.6968762751456308)
(0.10463151451653657,0.08659188898341783,0.12291546962145382,0.7013742302547226)
(0.10445421055092503,0.09878728334183397,0.0551909127385267,0.7201827305112394)
(0.07121711276055472,0.10345999588906638,0.13872358767519516,0.6949402619227962)
(0.07261642467400366,0.11383536634337027,0.07255039875548845,0.7048646237503232)
(0.10205725338503081,0.09701491924929456,0.06007521613293507,0.7109205897990218)
(0.1030236841947858,0.06298079351110637,0.13169011067250205,0.7023770477180417)
(0.08838843673754064,0.09414490788577784,0.1624770858231987,0.6910162956870153)
(0.06156323703932163,0.09200559733462617,0.08238024314404035,0.7080489830283548)
(0.0784033100671692,0.11266893808649797,0.07657999202936402,0.6951049482684674)
(0.1376439456703734,0.0864989782238994,0.05377245754543937,0.6978438364703816)
(0.08271318222993292,0.1298721056925312,0.1082893018402142,0.6937246786066832)
(0.1055852124099736,0.11388826376025142,0.10738481263803248,0.6996218853612727)
(0.13231532761985698,0.08631302598056885,0.11848647735997467,0.7000718734672643)
(0.11720675990934602,0.10789334534007233,0.08706064544634212,0.7146228399109898)
(0.10030974494547508,0.08377916537608401,0.09791729488231779,0.7064998626740249)
(0.14999111501785087,0.12501871023973218,0.10102010410099213,0.6976514076463621)
(0.13882679558529581,0.07972950511723476,0.08037746614139671,0.7012038705387199)
(0.13670743947962255,0.11448437499791268,0.10412456331343206,0.6980751056468647)
(0.06621357955949672,0.12107095241588123,0.1833806372693637,0.7000569143632809)
(0.12372687091652497,0.10545563286353118,0.04968068998800974,0.708874579198506)
(0.10106187578834543,0.09887302680056723,0.11562452546069363,0.698420830487024)
(0.11558822900070287,0.12344890270808691,0.12552642116434543,0.7012645049070042)
(0.11329339418648221,0.06113223431439355,0.07186999703717578,0.7169810521634322)
(0.10200887392893408,0.08411052324780992,0.1395655065977788,0.7064997683929664)
(0.12222632350201015,0.08212146592731538,0.08569401592505867,0.713707350571986)
(0.14319505102222058,0.09274294039049177,0.07810650514424498,0.7050935555758397)
(0.11578215663515903,0.11651266293495685,0.12659085662965983,0.6880324079954725)
(0.14051007474033195,0.08359298393776403,0.11722166286515413,0.6879026254158277)
(0.1126736641071236,0.10196883785258438,0.19250557314659278,0.7001103261505267)
(0.06587521634605908,0.09740801987121912,0.1375172665836599,0.6976955944461974)
(0.11143839828664406,0.11331317440577192,0.12091511080068586,0.6899783334669851)
(0.07284883911906874,0.08449369162681195,0.09569051865719663,0.7053385230347577)
(0.1258561244672434,0.08645477040176672,0.09785671541246305,0.6969127844731395)
(0.15556541574403418,0.11747265689475282,0.09879058750048136,0.6955611183870881)
(0.11937532528386513,0.06515265986338198,0.08392771468162655,0.713945531078774)
(0.12718202295836306,0.1052264102732417,0.1475547704115179,0.6976619507160119)
(0.13668507388204285,0.09317201382463035,0.0676804091801673,0.7082351682590255)
(0.0659909281114961,0.11005858787511867,0.2501593493278934,0.6871175032707885)
(0.13577231224370648,0.08232801329963711,0.13368604294432843,0.6832945721789264)
(0.124065929588285,0.12000137656863293,0.0886603689513859,0.7048926753568728)
(0.06931392196048339,0.08188850715365205,0.18181886551814422,0.7168039781851048)
(0.11947911577158013,0.06551200846770411,0.10634154257410071,0.711922860693029)
(0.11900176599951391,0.10165009671353219,0.10133281053710912,0.7148840418952448)
(0.056550181147371,0.08934640570853145,0.07058687275647679,0.7052803965637999)
(0.10275698681723375,0.08731589887815387,0.0864828578788509,0.7116798921248257)
(0.07956431448568392,0.08854495320280013,0.09165921585443663,0.7046380077543949)
(0.10489448689054456,0.09684852517653447,0.1847320740702064,0.6988589052613507)
(0.1471167230629662,0.09771952835639794,0.05628353301522205,0.7221000142509595)
(0.09027645597682588,0.10807738604133438,0.14467349602236432,0.6960803439451999)
(0.11962736308032383,0.11356391131366388,0.07278338443325322,0.6852298611116783)
(0.0913592698094747,0.07919862481270074,0.12216620399364375,0.7151569970562366)
(0.10224772753314745,0.1048597345942638,0.13256656217872162,0.6885160165235136)
(0.1290275986290053,0.09964304251896364,0.13190920890221275,0.6810499411169786)
(0.1303163048465712,0.09290182938217594,0.03150240628458427,0.7016391282977341)
(0.10407113618627736,0.11450120160224571,0.05547012674404864,0.7006608730565548)
(0.08107034462729998,0.10482921113083503,0.13908079294701362,0.7003875656316163)
(0.12317193493350154,0.09065580639374937,0.06532653028321735,0.701237782895386)
(0.08229333361819034,0.11085866143258392,0.10660425570641098,0.7006186430070664)
(0.13622704271567457,0.1088053369293141,0.07817163283582522,0.6908190335576743)
(0.09364377847187191,0.12394525878748668,0.050760349439973415,0.7077140265387908)
(0.14178841673866546,0.08107920696840797,0.12530429022540018,0.6885542294278315)
(0.1387321735935352,0.11222568860252491,0.10143254095159082,0.6991542364588592)
(0.12247940675470922,0.08582144426641596,0.08147969683328407,0.6985494296151458)
(0.12694273707899614,0.13195426034095464,0.12079486591078384,0.6955341640297293)
(0.08562561770551748,0.11576923559941349,0.1266749766607909,0.693375408776209)
(0.14222877429242078,0.09724015551296591,0.0915114752407214,0.7095497195468344)
(0.10513418123048306,0.11506302098967662,0.08858525030812912,0.7093613356122013)
(0.08194665801189266,0.09235466803264449,0.18035618718140217,0.6989665326948705)
(0.06788214716722249,0.10649456563395376,0.14007504197927068,0.7042064681240304)
(0.07850942084550087,0.10069186941213983,0.11928055732710038,0.706435309242755)
(0.12449776312885155,0.10733830486503135,0.10336593790278997,0.7080989235650621)
(0.10917661904608084,0.09307807868569731,0.10307078066331798,0.7070901897066256)
(0.13417985220463213,0.09498307538140092,0.09284414884933906,0.701937381603643)
(0.08894828343019405,0.07169930638082181,0.11340716519112318,0.7005837023774196)
(0.14931211652900842,0.12558413130284468,0.08175388952783973,0.7006859089107242)
(0.06299830109146834,0.11869706666099222,0.14985951316230406,0.7059444440123755)
(0.10774579748685621,0.08112617255901806,0.054426796293922323,0.7169683136612369)
(0.0699448225704353,0.11829656665845699,0.1096268652068395,0.7134042898735388)
(0.08164098313219433,0.09635545843422741,0.043643644736100204,0.7164072504490137)
