(0.04205044097705922,0.07405671930808161,0.22713018530925624,0.6452985409685409)
(0.06021723479103091,0.0993966706038241,0.18760293063849678,0.6419626114738162)
(0.14148461932982348,0.04527223983547798,0.08510852154052334,0.7400838622468008)
(0.13138045947400162,0.1537051356158475,0.015089871441198555,0.7095708159098507)
(0.11433961198275465,0.10106529006552041,0.10397818497395325,0.7109299652532647)
(0.10189745514404855,0.09990325674699438,0.11872919610464581,0.6627830270159913)
(0.11772091162164483,0.06014772891612058,0.3052891896082801,0.6182887562620771)
(0.02935982305409971,0.039944765103385065,0.2095560930521073,0.7415277142507015)
(0.15704634915177257,0.16040607596594544,0.0,0.6793867808487776)
(0.11829278841093209,0.13999694055495823,0.06596133525820452,0.7126302181380669)
(0.0937366523479497,0.07412189878560468,0.061230545592846256,0.7577325658334065)
(0.055369980847351195,0.11384365797388235,0.11006091594122377,0.7092782780387786)
(0.11559012203385134,0.14681613898999374,0.023015780044717944,0.70489782350674)
(0.11881168374122558,0.07349289826753673,0.06573277311866271,0.6990176262940119)
(0.037217067818168977,0.057459493325621475,0.028098353733325525,0.750321133958937)
(0.03807348885848736,0.16029039857541919,0.0417400413407511,0.7132906013580074)
(0.1069948753181793,0.036955348279253,0.03342722882334781,0.8102451655214707)
(0.11385629687354493,0.12196470175906486,0.13492172132615318,0.6930291771695106)
(0.198200266062218,0.029588762432173496,0.07133985532071269,0.7398947249399529)
(0.07407057251728046,0.0,0.2266186272163513,0.774114110482344)
(0.07047175449545558,0.07591576155469097,0.22473949701851953,0.6083867780939507)
(0.04145735000734205,0.22961282012356765,0.10805200770478776,0.6489252689088493)
(0.09702565166394062,0.08507787461420425,0.13559258346458594,0.6923558614359244)
(0.0845443466231081,0.08557059286787677,0.13078361578865888,0.6928427515876712)
(0.07756315222738851,0.03493991627152908,0.2967477862270598,0.685257816622875)
(0.09432085596354225,0.11691481064182256,0.12134292311216546,0.6690613372999742)
(0.12241614909769909,0.15516191256580003,0.12826426309203223,0.6431301766259806)
(0.10276539442172042,0.0948393740741114,0.0873572201076786,0.7348274264006401)
(0.042357870302545,0.1644840015607146,0.13343412451594647,0.710859250599316)
(0.06994877934290408,0.16835462416775196,0.1253864454830539,0.6753007803707727)
(0.04653467842344101,0.1409669008684027,0.16699007740133043,0.715909909674126)
(0.13051073651155723,0.07105219601021073,0.17892536437076673,0.7247518106637555)
(0.09790911998880558,0.1082706783704137,0.06510344836857059,0.7033100373562825)
(0.08628570772778545,0.06346639057068988,0.15764681011500306,0.702249283598409)
(0.16327439587879708,0.06769796155314177,0.07889096902665847,0.6955373206226387)
(0.042891912832996315,0.09889385093719466,0.1676877807394684,0.6993429999058661)
(0.09512152027804335,0.08871500317443504,0.039064103493775044,0.730862139352898)
(0.11841167472413842,0.08067336285861461,0.09302913809529074,0.7210768463975044)
(0.14332936986201053,0.11731007197822929,0.05872350247197004,0.7041184037406807)
(0.1518620522646661,0.19440591950232308,0.0,0.5986401171140997)
(0.15582710308429432,0.13502475244451237,0.0,0.6853330757855386)
(0.11753560306210901,0.18213366019734353,0.09913274498636912,0.6403549087308097)
(0.19853217401522139,0.13102981021600552,0.02061642903822027,0.6834542394934623)
(0.08874100851261915,0.18518232143654306,0.0508406588295138,0.641258077830256)
(0.12470102607813685,0.20453239484786215,0.07365403283497247,0.6753815806367408)
(0.08118689241277302,0.15382269617809788,0.05139104376739653,0.6834682261470275)
(0.01933599332869206,0.21211408222374994,0.09180693727540834,0.6537363567343752)
(0.15392143107977066,0.09307341262492948,0.0,0.7229405304673538)
(0.16688974320080072,0.06853035426858536,0.1072087298383195,0.7065936633697719)
(0.038130781346816085,0.0972319339537386,0.1362424883592886,0.6886374886933623)
