(0.09164883030419342,0.1051156616884575,0.06684402381929472,0.7049944467464953)
(0.10928661819348424,0.11163275671635442,0.0798317494727434,0.7002195561000019)
(0.054258854471230605,0.12206938577312684,0.12886551954781394,0.6945087795689935)
(0.08981177006975667,0.09866170257826155,0.06959834928721928,0.7030262727245772)
(0.10147638825831258,0.10285971340394022,0.08424261134539011,0.6971025460955899)
(0.09752043305538895,0.10036717305678709,0.12767358082667507,0.6857641316991792)
(0.12693861696876346,0.11531719300664696,0.07252431312162001,0.7042651026834941)
(0.091852367130407,0.08801776659445743,0.11183496772109773,0.7060781175522075)
(0.1117769560539086,0.10166287709379818,0.1278071669812431,0.7038468439798914)
(0.15078079352556328,0.12158184432720269,0.12476269497994334,0.6947919855088706)
(0.0889093920398746,0.0928615083337472,0.055715550618685314,0.6896411139808609)
(0.1000728738837308,0.13397908923489238,0.09877446386872643,0.6973516281358824)
(0.12132400853919602,0.116586105408088,0.08382195457510944,0.6977146267586991)
(0.12147449643010859,0.12681615875621802,0.07517229074947583,0.7053913644103923)
(0.08045688342895724,0.10806724534564814,0.10950883299301012,0.7019377635699603)
(0.11211199031036044,0.090843000645952,0.12290654605332084,0.6976793557534213)
(0.10261672558485639,0.09466463663572078,0.0791586194362882,0.7040281382068122)
(0.1250453419637984,0.11251507940409261,0.17802963321776802,0.6927296575106094)
(0.15187852849670033,0.11238828322374812,0.0725005166904243,0.6951665291827632)
(0.11581182447904767,0.08153463771159741,0.07598746461284157,0.6984206070283842)
(0.10928896664804814,0.13740585370102384,0.09832662389136182,0.6913669871344705)
(0.06022658185126535,0.10367966167417475,0.11439842245875084,0.715227359621041)
(0.08300615334043504,0.11342560848805602,0.10223433524875108,0.6877634106550543)
(0.15324927726407128,0.11416176240145591,0.04984149721014017,0.7013385520015898)
(0.07957015469557875,0.10545222262805462,0.11617383924445424,0.7105117910548635)
(0.13186506467656897,0.1407314374775129,0.14885115121282622,0.7054318432764701)
(0.07238549441655355,0.07889741421630286,0.09473050492300758,0.7074938340875176)
(0.10089086342938104,0.09638822436314018,0.0879851023980592,0.7007602285698291)
(0.10169198548257645,0.08807355254837397,0.13928476742700266,0.6915039128340504)
(0.09059393725383161,0.10556572509224109,0.1717976751736788,0.7036310159631702)
(0.10169389214056686,0.08216816457813982,0.12604092830617855,0.6961711527591558)
(0.09350399698754869,0.09857758488390596,0.1314750121575322,0.6891739204369951)
(0.12038308665812256,0.08567237550295193,0.11583172338016332,0.7111210624972519)
(0.13068634279263033,0.09053625293196561,0.036533688445897876,0.717411545317253)
(0.1368906323166001,0.09383194219861707,0.05617070497213722,0.695265755699486)
(0.10552326015026751,0.08248004385098713,0.09927752529817903,0.7069787704946559)
(0.07554161493950745,0.10157659520558054,0.1412295003669625,0.7023246382486641)
(0.1345972683361984,0.08343973733129068,0.061232179000913406,0.7029773410439241)
(0.09296729137672281,0.10755080837926674,0.06297389658273317,0.7029706773079936)
(0.1522337908488679,0.10035503637437881,0.09406228884878423,0.6978535213590662)
(0.11810889026261526,0.08530092764522067,0.07531497315677313,0.7088092278921345)
(0.09213663635138096,0.09245412190894256,0.16109656224164226,0.6948416134975323)
(0.10699423843726726,0.11240609196559812,0.07230020750307968,0.6979057038547206)
(0.09619922040636038,0.08482942732341536,0.13993477525173284,0.6972507444512893)
(0.08833473161482507,0.10889028232686107,0.13688176367941668,0.6901008693892376)
(0.060954189167242906,0.08182402293309754,0.1338542203195214,0.7106164753252038)
(0.06707093369394279,0.11291097529996627,0.10676968442235497,0.6982977881990281)
(0.15748912790516656,0.11276430877471438,0.12619582653504302,0.7024271112874725)
(0.11013113592615639,0.11617050582599418,0.0832955743532949,0.6948101383004328)
(0.11333735628545602,0.09778667579541175,0.11500998725827032,0.6969907540898203)
(0.11676235570928986,0.09290845801854283,0.08308437677110583,0.712111805878005)
(0.15785313037195403,0.1129904683153662,0.08870889100214652,0.7040829920069777)
(0.11760240320012752,0.09141870593391788,0.11573468897027242,0.6949793006282096)
(0.11850623477819128,0.09823880604927832,0.14832207610130305,0.685888222367519)
(0.09447402888080926,0.09341143018219839,0.06108151580305823,0.6981921082485009)
(0.1014311024835953,0.1313497004152903,0.0805623830565247,0.6959768724258492)
(0.09427628374891112,0.08829227115051828,0.11080421867885014,0.6997758298695166)
(0.10122727685781878,0.11533252044913664,0.08403693262313985,0.7051972977211444)
(0.1191839324666671,0.08934175676175386,0.09291888165587373,0.7103837861323705)
(0.10490567574182597,0.09378548596973792,0.09979660072101379,0.7238833080193281)
(0.10122129515915672,0.08917612906743863,0.06553771021643072,0.70009376364691)
(0.06352597808581266,0.09521625817133292,0.09475598961567949,0.7021897614942793)
(0.07219895475069692,0.12495151142419773,0.09723859853157087,0.7003925044978667)
(0.08825187893490188,0.0941391730855454,0.07850865191672272,0.6934680475295005)
(0.11987271489731645,0.0801376705981851,0.10865640489021221,0.6993796372711776)
(0.08456962495661625,0.11991983842101807,0.10632383376701228,0.7019415527750482)
(0.11723315022369925,0.11970590539582637,0.05776840685194773,0.7003600534151911)
(0.06914029618028017,0.10592798353095731,0.11420447502227814,0.7012132818963824)
(0.1266746853341706,0.0976017416221834,0.052103223522751166,0.7089448512822353)
(0.08990328846076293,0.09893755827475748,0.08767093392193628,0.7017840943307817)
(0.08924449867115303,0.10243341488947584,0.08022658334447016,0.7069587240243657)
(0.07964214282606372,0.11762363656105938,0.10697954743951456,0.6992643351593868)
(0.09966254618764955,0.10698937107910812,0.06492501406814916,0.7038555502153847)
(0.10699985887130725,0.09385418657789923,0.08431473387073626,0.6983097643370015)
(0.07921980634824681,0.09928666675233533,0.10160701717929146,0.7047606152184598)
(0.09774302325658182,0.10606700425654395,0.05921519611868649,0.7015588584795553)
(0.12395278928574567,0.10958754775535233,0.13709543520014617,0.714187425137746)
(0.1128105491613159,0.10885944209318821,0.12518485744134356,0.70236227361363)
(0.08160881186466272,0.09831093218105572,0.12179656341493658,0.6963910414223827)
(0.11196411623441971,0.10343669187692793,0.11905951929190199,0.7059981442349416)
(0.1165438864830464,0.11321235009956472,0.10927695930591036,0.6902526039832475)
(0.0899974446394267,0.10419524364723737,0.09402064501226683,0.6982005008802604)
(0.12581314214172423,0.09297606373101515,0.041522841428194575,0.7048117940399784)
(0.10182817999109162,0.08630502945475627,0.13985077740822846,0.7067402607004901)
(0.10452781681310883,0.08737387528820241,0.0630549518051174,0.705472857060934)
(0.14628463273910972,0.10080073576320583,0.035270479494750574,0.6996050826366355)
(0.09986579011360842,0.09667941586175623,0.09279329822794884,0.7011941570246744)
(0.087220260734822,0.08716906461563848,0.128546493024287,0.7027026556942993)
(0.08533405313229644,0.07902559464887289,0.10224585979492157,0.6965994530904093)
(0.0978839870857264,0.08847060709769483,0.08218700958792542,0.6930086573287066)
(0.1418824627498144,0.11926878047130518,0.05326546813648119,0.7006704014153288)
(0.1050590171836814,0.11260167589161348,0.10117732281626128,0.6945706647809672)
(0.1358476024008277,0.09680949029429528,0.09727384470529311,0.7002665210798427)
(0.1297018469364207,0.1306708390037134,0.11516479409161405,0.6979642645074868)
(0.09323994069927627,0.12160438087374047,0.0950285851853824,0.7015795369173873)
(0.09954717734526118,0.08725444357291567,0.07907305513540795,0.6985095656336994)
(0.09167453319293623,0.103297343812628,0.13977960929883387,0.6999661431448394)
(0.09625337845506447,0.1083172740545656,0.13834543716512113,0.6998824529819525)
(0.05288220646490612,0.10825724950810488,0.1391620148370969,0.7022192891075708)
(0.09484735655846893,0.09310370931384258,0.09014074122884638,0.6964321593387847)
