(0.08950593330892125,0.08672166199696592,0.09845000456980818,0.7018732574976015)
(0.11503329550450639,0.09036526406071013,0.1103658883945504,0.7005231637333396)
(0.11404036653312583,0.10443576798112185,0.09959278225102887,0.7030623668670918)
(0.10561649458031934,0.11186135494591835,0.11499598671725361,0.6990856785163903)
(0.10813714880555271,0.09555066715973665,0.11487972039432148,0.7040405001346292)
(0.10759802531678563,0.09285387035121044,0.09680935256328334,0.7047374549766524)
(0.1103547763250815,0.12324634825459445,0.08647677839951276,0.7067952634398135)
(0.10432859147492625,0.11098148618823828,0.1030755528679853,0.7042169407278055)
(0.1018757168864884,0.10793390028852311,0.0959242257581905,0.7031695869817297)
(0.09329420821320439,0.11419020525965011,0.10433203870251695,0.6953597434987188)
(0.08193200683678667,0.0898427583488173,0.14834819708278563,0.7044098449309049)
(0.0746723022737402,0.10177320277285566,0.09877051257557998,0.7089313495135313)
(0.11823642129427146,0.10461416054081357,0.07377582540924504,0.6991556662045161)
(0.07936842756473776,0.09427743612658505,0.10821343375950354,0.6995927229405141)
(0.07983385449497246,0.10213185116380027,0.11649633214195068,0.6971457282375142)
(0.14239135665974517,0.09315564014198918,0.10787093490183162,0.7001181804097789)
(0.11404973952350489,0.08835832700344244,0.13671477116564795,0.7074317386936727)
(0.10589955873849623,0.1076691236839911,0.12967057208038665,0.6986443756973972)
(0.1023885407164111,0.10636296323431496,0.0938087661180067,0.6973054437991321)
(0.09250819840761516,0.08504342917683752,0.08538553020214179,0.6994597557693186)
(0.1283257061480229,0.09607832791735184,0.15104500720994463,0.6966544762943481)
(0.11071907484454449,0.08640749142114247,0.10999438705459237,0.703713801390786)
(0.11406438842422073,0.09900653455292371,0.1177533233266817,0.6956630741842015)
(0.09864743292907907,0.10406165081651898,0.11548735998269098,0.6957085502545294)
(0.11389857917365519,0.10131218442095266,0.0787781006742951,0.702486450989524)
(0.09937697494344395,0.08788756337595338,0.14527616308689995,0.7007292637930697)
(0.09310131979219793,0.08281480499614736,0.08926255222095505,0.7050658397551332)
(0.10251507455008885,0.1079282939367294,0.17088838684218158,0.69800824041972)
(0.09031651251857054,0.1105796317013352,0.10155162325025097,0.7042199992575813)
(0.12864038530380617,0.0930028834194436,0.09376321884002002,0.7049523807006289)
(0.11461122327091182,0.0966283215575829,0.09513262115923926,0.7060857622867835)
(0.11908897263842633,0.09979886411541994,0.07486157630385418,0.7048371503897901)
(0.09818172809300825,0.09305614492784105,0.11171523785924188,0.705369218462164)
(0.08638342476018479,0.09820622505804219,0.12679657379541984,0.6980752950472332)
(0.10065366296871787,0.11251726399387843,0.09501469413469582,0.7012961605864659)
(0.08627466018517811,0.10475475070366665,0.09695062251418786,0.7063407436044281)
(0.10733177223239457,0.10375599916521934,0.11750142415177489,0.6965014797135848)
(0.10541213627111332,0.10853999842134511,0.11956999923978866,0.7074066178316333)
(0.10437136547722345,0.09269441975517743,0.1129648345429189,0.6991488662693367)
(0.1415169462777078,0.10600032551835324,0.07991098743991738,0.7077642052321019)
(0.11308734567424812,0.07487290559527149,0.07861726040930316,0.7008813575825298)
(0.08475465610138401,0.11061393665477723,0.11166097457541885,0.6950914621829359)
(0.09226652677077933,0.11369240962271598,0.11470185782484808,0.7017082182448069)
(0.08637879797046089,0.10422876132955237,0.11304054042630982,0.7007927121364517)
(0.08197722026619053,0.09770340736989543,0.14306555292424675,0.6990163233057007)
(0.08364206667028781,0.09943906854059693,0.1447559824770077,0.6958748502517079)
(0.11283114243360133,0.10121442194646192,0.12969912319182708,0.701122762057625)
(0.09075038546322109,0.10656883176261113,0.12376249276719994,0.701794580736301)
(0.10768873158934587,0.10065946993066852,0.1403555914831472,0.6997678152361996)
(0.09407715994433315,0.11526031223131039,0.10655302503612638,0.7011031110548226)
(0.09770927111015482,0.10907987782647932,0.09086514094540578,0.7084977945285377)
(0.09045672094244321,0.0981006525474008,0.05953663328105722,0.6970240712378315)
(0.12082533401546464,0.10962919165822875,0.10196644190575459,0.7011566994985364)
(0.11045335742709157,0.08696109071438932,0.09692067840529037,0.7045899218099438)
(0.0962838989432436,0.10819451618212084,0.11554110068031881,0.6981896263026973)
(0.09766284153956377,0.09200556410284068,0.09563972806026776,0.7026567954411912)
(0.10024803360086432,0.08325968361735421,0.12654088206938885,0.7062418851766981)
(0.09859783151291895,0.09139978616975314,0.13010472738232953,0.6952426617093265)
(0.0846718720648902,0.10706256159749308,0.1061568383646145,0.7046492508427659)
(0.09509170550485532,0.10675770002089145,0.10841569913839094,0.7004101875315197)
(0.08098284178025383,0.10796458301276522,0.12109080850517887,0.699317588157597)
(0.08580623850270247,0.11099542931754555,0.10230241133212596,0.6943255688763346)
(0.13909595855281326,0.08335172498376454,0.10396748794918162,0.7007831150760909)
(0.09724855970281572,0.11201232556089635,0.10572099515619594,0.6990572195434424)
(0.08375005812419814,0.0929474522184412,0.08185787969488553,0.6968060181465139)
(0.10692137603571111,0.1252550987525007,0.11529856663797025,0.6993386630935269)
(0.08411354108783212,0.10055935506204446,0.10986771361644047,0.7069755779733752)
(0.09051847591121795,0.09739995608690677,0.16119369857176247,0.6930561855706588)
(0.08893414172630854,0.10155502644297483,0.13886546107388636,0.7029311179866333)
(0.0978101815372061,0.11703872568430358,0.07586765837607487,0.6958679995000389)
(0.1256090312952703,0.08821652084769258,0.11434447405154194,0.7016556884371111)
(0.09521205399155946,0.10600473875448375,0.08389842660775532,0.7051746499798709)
(0.08672708639535325,0.10835678773693827,0.12912183565324928,0.6995812617232191)
(0.06598723505528811,0.10247251864709153,0.13141529178698702,0.6926382027092125)
(0.09886924711439662,0.09868290168649699,0.12445619758729623,0.6980996939400099)
(0.08175652092412976,0.09628831693259056,0.1309123665006983,0.703800891309139)
(0.0936310311779786,0.10338835035236428,0.14053610715708503,0.6967517104041802)
(0.11784465730800213,0.10378888873516415,0.12080953527222785,0.7032637767438387)
(0.0794391987877174,0.09446757909971105,0.114167737608709,0.7011121547209583)
(0.06452919034944737,0.08826830570387657,0.07258099265693911,0.7031608742396026)
(0.08786172260957349,0.10430787423173599,0.05935837832386233,0.6973064359398412)
(0.10799330027615638,0.08783388507439285,0.11933314643563427,0.7028359625350205)
(0.07743580037570512,0.10516592899047775,0.21080503451298493,0.6924794253261097)
(0.10085487430907761,0.10032380627985847,0.1818862182161436,0.6950884526038053)
(0.07864193841485338,0.09324157848478126,0.07164676717541854,0.704338222315249)
(0.080743619991807,0.07959391299491671,0.11181995108904046,0.701349820927902)
(0.09919020737761283,0.11141592564741405,0.09259385042910188,0.69849300127899)
(0.12000795400563616,0.11495636135789741,0.05866532442277889,0.7057785513762782)
(0.09827641213968931,0.08785146822669812,0.1370254419632098,0.7028071065591495)
(0.08003864053802284,0.09867864084686498,0.0573666410149029,0.6950649508505149)
(0.10191680012556859,0.09436967577527118,0.10496336355951554,0.7038160423889996)
(0.11767635391655597,0.1072258280092159,0.06701457093370387,0.7036949244794533)
(0.13833245856506624,0.09383312013326627,0.03171256525614478,0.6995567916596128)
(0.0903897394091511,0.11546298265980703,0.17630816519294773,0.7015356140436162)
(0.08918284399972906,0.09369265041554263,0.1202975676222563,0.6948866516963281)
(0.10583329086819647,0.09982129655016408,0.1089755478547807,0.7010230174278693)
(0.10321112431134222,0.10553651078221722,0.11585436518015907,0.708179254590161)
(0.08907247985719036,0.1095255067417058,0.14879455364705113,0.7039273989591024)
(0.08429158135079219,0.09394032849898357,0.09037081567062953,0.6978678601212832)
(0.10911664889908779,0.10169065715948834,0.09120750509036386,0.6977344612723757)
