(0.0834283004595015,0.09484480058337733,0.11838438886733291,0.7165877252743004)
(0.1482302932198218,0.0533279012385397,0.08935385821967667,0.7302234615981191)
(0.053446230416796345,0.07296862644421062,0.07445801994697553,0.739560943266196)
(0.11687993632365926,0.1209120725423174,0.08069071066057247,0.6753561713021926)
(0.11717088407183485,0.09377837036415383,0.07290463295831422,0.7556762428616819)
(0.0869132506807581,0.14891416572996102,0.07426287522170659,0.6490148081489597)
(0.08346157672648126,0.08013037051433795,0.07979789186827457,0.792426701796366)
(0.1450468788420326,0.12685994902501133,0.09209180528524888,0.6939439946251761)
(0.11971624847659929,0.13338942299898107,0.1000639447368658,0.6814530309329057)
(0.129342183272222,0.09709637036692954,0.11022225533923101,0.7028481131280213)
(0.12126040005923214,0.11908607619039842,0.1566688777906666,0.6616330679049967)
(0.07150593739001863,0.11185838514689676,0.08909865339502278,0.7184538088623073)
(0.09221685600575748,0.09633690856018663,0.1385145064014011,0.7337737845339505)
(0.12837904913918088,0.06385994411831032,0.08115460575490466,0.7046052409155075)
(0.11260223061027791,0.06691451706117943,0.10528576181827112,0.7104955211877189)
(0.10167754208847504,0.10696135842133796,0.0734663602916007,0.6910019494124879)
(0.14491936923674495,0.05887239440480786,0.08696868288673917,0.7149390047569778)
(0.09024647310076668,0.055944494269259744,0.050671555947575116,0.7907982114143117)
(0.16242673904018126,0.1037172031858283,0.11755522861508523,0.6534019622103)
(0.10866406066984188,0.09785364210656157,0.12036422270598374,0.7005230833020504)
(0.07515356341244132,0.06502755851240734,0.08513110962333811,0.7256892127662027)
(0.08926126067943492,0.09571847627001118,0.12193782592572676,0.7167566249780352)
(0.08211207176301279,0.10455229691185065,0.10207366660819556,0.7161159084808927)
(0.12879247886745454,0.1553761065343384,0.1384544782522512,0.6097624766650087)
(0.10097422245178664,0.11293711129077073,0.08494476630166341,0.7068088737967416)
(0.08976263768482827,0.11308509101580953,0.14803681691237355,0.7058691597027305)
(0.08880453604013168,0.08400809662104172,0.1733177896549216,0.7315260215355017)
(0.1516439044792263,0.07153497872241059,0.1771445868309082,0.6898680784495769)
(0.10336364656974231,0.06662067017029251,0.08158789199019863,0.6889371263350075)
(0.08958880275114854,0.07234260516814219,0.15286629320847758,0.7075792299015845)
(0.0596828394756012,0.1193777540746145,0.09387440067703058,0.722894944416355)
(0.11300396594082249,0.1501522489223136,0.13691298799168825,0.6663151819353285)
(0.05940509955450092,0.06686472546331858,0.08550288689702087,0.7374244250985754)
(0.06205843717375859,0.13379508504380538,0.14912234426879423,0.7092200789282815)
(0.1064669210231003,0.12284605241888559,0.08633382285021025,0.678285780540092)
(0.15628217843924194,0.12470807921644415,0.1270692882290845,0.6605970889349249)
(0.10426368847761039,0.11807837539536548,0.1070453083482276,0.6667160533286018)
(0.10406908574339876,0.09012853080529944,0.0981315001629545,0.7078201792055315)
(0.10283618810210238,0.10084685727322767,0.09639987711165929,0.7517924780631096)
(0.07927681173060872,0.10029992493128223,0.10471109456138858,0.7405924322647937)
(0.06789287265593924,0.1566689803258358,0.0973448825241655,0.6977905284083717)
(0.12650348679099635,0.08633260825051743,0.08922275661322827,0.7127165449302961)
(0.06779283955192399,0.14670174983189893,0.15557443524927977,0.6959628538853974)
(0.12284851034685128,0.11130614217795254,0.07894666490571059,0.7068113570948573)
(0.06036140380086085,0.07112128349111414,0.17614170014431407,0.714069261784636)
(0.12475911475799756,0.07710395194701483,0.0978136449803231,0.6852211588272267)
(0.0930824054056469,0.10800506325511876,0.10253367171650084,0.6737120591237555)
(0.12327126758115214,0.11980305654423162,0.12066683577622653,0.6827610448094241)
(0.11261826040440108,0.1315479813810925,0.11656389478073809,0.6681286806368051)
(0.10106519338383543,0.08810584219622108,0.06761849158651567,0.7454797647768522)
(0.09194541006415896,0.15101753507451224,0.0972693758296658,0.6575729433528645)
(0.05800074907799845,0.2025607529563651,0.10109323896124459,0.6434250241829119)
(0.15175062212672127,0.07922687805211569,0.12149003174455456,0.7012866796524905)
(0.07852622596065001,0.1459958953990732,0.07675659158953624,0.6799518526400246)
(0.17812712144264797,0.06101472964696946,0.11022811600572917,0.6995002913543723)
(0.1183417613003943,0.07357492970293103,0.08575940924168615,0.7084948579734315)
(0.10594480346730574,0.054657797568835716,0.08678829684187346,0.7574615841975609)
(0.032345458915196836,0.057412319143207116,0.11758099210964745,0.7805390756410446)
(0.10326049892402198,0.06640266984691592,0.065280293685053,0.7354189496284672)
(0.08365262301618433,0.07209723861089648,0.10591230949982579,0.7180234891283528)
(0.07786352185343809,0.16882701263925684,0.07393980288873551,0.7061243523491914)
(0.10759257881450317,0.10088976593918923,0.10774091841252817,0.7057094418585382)
(0.047204685726164854,0.1659792833260312,0.1545592136859482,0.6890452596455888)
(0.038067183750954726,0.08769021339658498,0.07355911399572558,0.764477441080329)
(0.13632387741503588,0.050952109989190794,0.08417698386661492,0.7221461019236544)
(0.14257524109580363,0.10031794805827116,0.09859772289301989,0.6882357784027617)
(0.07834414250926831,0.0478428332617137,0.1859730182157103,0.7421072006920563)
(0.09403729657262544,0.07284356104392219,0.0732866655516161,0.730581977794925)
(0.09743529295075515,0.10060151665772543,0.09832430007207361,0.7176637268120021)
(0.05016423907394232,0.10392409745793947,0.07091422089678728,0.7541192491098477)
(0.12041458171179703,0.09963865979005426,0.12125156183102938,0.6802808105912421)
(0.0673451334671174,0.0963656428645504,0.05306111381692027,0.741104892088462)
(0.09134812306309582,0.13030765776228972,0.09033283745336286,0.7038138193529792)
(0.07546234578337378,0.034264182232308385,0.14402574134830176,0.7739029588903314)
(0.10027790488707494,0.06450048351369889,0.1366128091075236,0.7131629394187059)
(0.12046901500156854,0.07639442741161184,0.12164027679212752,0.7191151849451869)
(0.09175156564874447,0.11140185406907464,0.09000392230872128,0.7005247873230919)
(0.14050814739490805,0.10291524095404991,0.06806409324632991,0.7029315380305311)
(0.13356487844537415,0.06551581692425469,0.10084089020013105,0.7148864492398631)
(0.08475591514851247,0.06510433651828769,0.1651910896135181,0.7185872869416257)
(0.13400734321079782,0.12053362900584814,0.08648809427108733,0.6938393260761286)
(0.08689343563959004,0.11325905214605869,0.0872770966462231,0.7121097682916954)
(0.13148120557704487,0.047932244106603177,0.1339307188044145,0.6875129860649927)
(0.0870385760683407,0.11378640233919954,0.07380092574581465,0.6979329923159608)
(0.08563394175240666,0.06362376864673014,0.1586465367392524,0.7134348044330105)
(0.11078538069236943,0.04983780703025816,0.08100124860112722,0.7615617987715028)
(0.11112038684109028,0.015331307989639833,0.09378763392490327,0.7497551306859568)
(0.11820522621993443,0.06677468948013705,0.12084368280594042,0.7477522387395508)
(0.14975037713977757,0.09831612056706313,0.08670191839258448,0.7267509455137451)
(0.11254222615013589,0.05399581901767884,0.15974859401858685,0.7186100754377946)
(0.07269847325201693,0.05651639914450611,0.11559818544595557,0.7360929434114306)
(0.13625728451997932,0.09299181481507811,0.1116696421317648,0.7257073699018526)
(0.1158216128886587,0.12990582377529186,0.12505032801061394,0.6493631122801621)
(0.08849459389236848,0.10135207590180997,0.12412121545414358,0.6570877256345738)
(0.055658544118735,0.05874397284082963,0.09000869490246782,0.7683659646007344)
(0.1220298589907468,0.08065573233705482,0.09708441905303752,0.6914527120918734)
(0.0947107847430874,0.12952232646507653,0.14571069645789592,0.7033256521755189)
(0.10053452744151105,0.09219337407059813,0.13048095905049098,0.7070249958442075)
(0.06980183173694023,0.18562367817686823,0.12218088954609146,0.6848034443194109)
(0.09538028971643608,0.12495374224560925,0.08495045725978605,0.6862866786026982)
