(0.21081240208303198,0.7920381309320753)
(0.19797017119784183,0.80215734842584)
(0.19724462805651863,0.7912043549367062)
(0.1849404682689878,0.8183842867546584)
(0.1799333361405416,0.808588102624688)
(0.18618312682484828,0.8122998227649356)
(0.21801710109053343,0.783465409965236)
(0.18941477876217025,0.8110664376605037)
(0.19109326105315008,0.8013395782361009)
(0.19891677946310632,0.8201029792064378)
(0.2121719956804982,0.7910638909618651)
(0.20804468174572527,0.7901392799512775)
(0.19629363496631377,0.8056513378945463)
(0.2223855473374379,0.7945962432649244)
(0.20505380193012826,0.789556846420516)
(0.1916010496718711,0.7941928115155232)
(0.20159152142914982,0.79707429956401)
(0.20004432363939945,0.8046046411420107)
(0.19965118708009574,0.8049732567629354)
(0.1963461680015739,0.7935051856849756)
(0.18471905635539088,0.8182107110486216)
(0.21236065652303,0.8105233568366639)
(0.18719106690058687,0.8023547271393869)
(0.19538875229503164,0.8096591395039309)
(0.19650054722939816,0.7985422394079107)
(0.23534808393315987,0.775368533935845)
(0.19539755241686313,0.7930644105560085)
(0.18224766827349523,0.8091857048657735)
(0.20304340013168323,0.797497563101059)
(0.21096101268883047,0.7966696213057031)
(0.2080050504174358,0.8037410999596145)
(0.20646007231302754,0.7816577983511367)
(0.2010294849710786,0.8000201897127279)
(0.20854433414014684,0.7915580088891059)
(0.21179789583579023,0.7883287323948056)
(0.177598700290879,0.8162978209977358)
(0.19577461695582296,0.7897127260480556)
(0.20790468327652584,0.7986534926116838)
(0.21242303972889742,0.7869504744175334)
(0.22696846047281252,0.789004765129083)
(0.17772250058178077,0.8192413343461882)
(0.21110513319080398,0.796432717617356)
(0.18181825193154055,0.8113659895790886)
(0.2144976247490607,0.792686449837111)
(0.19507409628464126,0.8073250522687181)
(0.18345532203615897,0.8153064491839936)
(0.20548244117640663,0.8047978814709941)
(0.21575036192748248,0.7757164003832949)
(0.18675046948284,0.806176652146949)
(0.2260099946878329,0.7822259544332609)
(0.19535644670884877,0.8046283621364941)
(0.19233494118193298,0.7946293015742081)
(0.20497710808589614,0.7994043862935154)
(0.22438060520992864,0.7911913830923121)
(0.20263703423657348,0.7938656650392433)
(0.209311712116369,0.7913640228181933)
(0.19003669131007453,0.8068460652413114)
(0.20580352069625388,0.8022309466241573)
(0.20354346800763595,0.7967994070872676)
(0.20583243098541468,0.8044739819736231)
(0.18361777985787048,0.8129946584138974)
(0.20761288016701873,0.7981118014870677)
(0.20255399884283873,0.7914582635149006)
(0.18917211766508174,0.8100578550401323)
(0.20835173003657256,0.8030899716976434)
(0.20563375165345416,0.790786008546898)
(0.18036376676133392,0.8101577041910141)
(0.17856656220176526,0.8127803741975225)
(0.20591750605071907,0.7880608424911054)
(0.1982304777264017,0.7969270105371976)
(0.20101748422587773,0.8052607245006445)
(0.19475322286631602,0.8100684111798812)
(0.21061263147742065,0.7957792199862291)
(0.17894521415487596,0.8180059978242549)
(0.18614839899052826,0.8154482976927303)
(0.19288807610312378,0.7957058053512155)
(0.18201892434974887,0.8097527447211426)
(0.22134864081086375,0.7877818645709341)
(0.2070841802155125,0.8045898002110071)
(0.20434704610346788,0.8044285927731675)
(0.19735462351227795,0.8074678706719238)
(0.19995421737318406,0.7993765883632754)
(0.1850833355078455,0.8049032510850377)
(0.18898277749691098,0.8136561329719999)
(0.20937379803518003,0.7901109136459749)
(0.19527355585243358,0.8106810207327789)
(0.18940975891937906,0.8042366787810249)
(0.18737897281609767,0.8095420706400034)
(0.20638008049139414,0.7951852203066264)
(0.1841806894884462,0.8116806501198017)
(0.2050561494466954,0.8096597604637724)
(0.16962385504050564,0.8121131767099136)
(0.2092796954349066,0.7970607838289946)
(0.19843992681571915,0.8017908780819674)
(0.21035290179003685,0.792980508593624)
(0.19614246621837364,0.801818162016261)
(0.20340570096360416,0.7990401014753986)
(0.2013859496253042,0.805252466677248)
(0.1812805930396117,0.8039660828883044)
(0.21354840319092688,0.7990915359790413)
(0.20183991963293993,0.8184357697491834)
(0.2241127434076533,0.775634622802912)
(0.20870397595464948,0.7991632453126297)
(0.20498100407806702,0.7916642770778015)
(0.19969351827520995,0.8096586349377948)
(0.1980088825945899,0.8028188649433876)
(0.19323631375043948,0.8086347032038278)
(0.19393844394481138,0.8001216796829904)
(0.20970483674048981,0.7952247211869702)
(0.21052487624047586,0.7903454088226973)
(0.21055411709119762,0.7897681667964818)
(0.18888564026546503,0.7997983456588947)
(0.20496827113563368,0.79868437406388)
(0.19362378929170831,0.7981200082165272)
(0.20022001487188348,0.7976146694715344)
(0.1853337151029832,0.8056944546368459)
(0.20126424094397943,0.8038000115918081)
(0.20264625549244342,0.8027479237580629)
(0.19671991238138678,0.8031191744415049)
(0.21416718058276416,0.7870758786271916)
(0.19747173391960535,0.8029552279157793)
(0.2117826124463941,0.7937580769474556)
(0.18935336576339676,0.8071371480212856)
(0.21862715656088164,0.7800869115317217)
(0.1980770933577659,0.798402989966446)
(0.19841627892307845,0.7994773945585235)
(0.18945545800473473,0.8059114558680102)
(0.21765916066032157,0.7848172790152022)
(0.1925248963736482,0.8065823831499418)
(0.19738978947352198,0.7999840513275864)
(0.21048259738933223,0.7930310465039062)
(0.182437069265466,0.815278749212329)
(0.2061748096490868,0.7936684137825866)
(0.20566478842207206,0.7924310129310045)
(0.22487122470462548,0.7868738636446858)
(0.1976931790448891,0.8002901520923188)
(0.19056044404496314,0.8117558934001171)
(0.21294016466767976,0.7882969499503615)
(0.1786034545457946,0.8223742641168246)
(0.22222094518986135,0.7787550731313889)
(0.22119696801769254,0.7910101735384966)
(0.19657261121289388,0.807931848463551)
(0.19151602582959898,0.797771486801199)
(0.20927992944796045,0.7972763919930914)
(0.20013833983649243,0.8019577329539006)
(0.20135603955137124,0.7976566158817399)
(0.20817324925747496,0.7956483110893232)
(0.20320626850410314,0.7985121869681479)
(0.20662876969577565,0.7852378233798721)
(0.203170375583321,0.794427887809081)
(0.20555522370967785,0.7993119840597365)
(0.19401169597625803,0.7983194321561292)
(0.19394439151842002,0.81551241070722)
(0.2058285260627667,0.7995978973971943)
(0.19745482021741598,0.8024229318319673)
(0.21398606015163563,0.7996347343234596)
(0.19214501733830555,0.8187757936684201)
(0.2044508140201253,0.7876092193353581)
(0.19659408731145778,0.8047945513107339)
(0.19211651991969111,0.8105371596416889)
(0.185857668978223,0.8145851430282117)
(0.17878437035908848,0.8169157197337438)
(0.19590993064560547,0.7947679593796133)
(0.2263590063786283,0.7709746209781281)
(0.21135610497332635,0.7992814856366987)
(0.19965900165147038,0.7971265875473047)
(0.20434190789383155,0.7923751356673092)
(0.19660556698609347,0.8009182966675789)
(0.1883214702409744,0.8048279790660005)
(0.22501808478170432,0.7774729214069281)
(0.20890859514208546,0.7889737311132496)
(0.2154649577596192,0.790617837129782)
(0.21478956428569934,0.7960210672890677)
(0.1969144285869108,0.8036601813452913)
(0.20009124188351504,0.8022561398216459)
(0.20226267459160238,0.7944955975239929)
(0.2051749116122541,0.7983188044214279)
(0.21672908579213043,0.7940718393154214)
(0.18780893820485117,0.8029447771099276)
(0.21379711885061556,0.7857088452313377)
(0.1983282770639332,0.7983517557797096)
(0.2132178929261891,0.8011308381668781)
(0.19490274316769512,0.8037156266578647)
(0.20751436124129582,0.7811915136988463)
(0.20551600122347757,0.790026222764289)
(0.20768833456690716,0.7986020095102654)
(0.19921244646957917,0.8089159770056649)
(0.1966186057679135,0.810773018807007)
(0.19872337076743105,0.7943048216815046)
(0.19539182343255537,0.8041944221402744)
(0.20950478269233053,0.7952906960972379)
(0.20086943624900433,0.8078018483455125)
(0.21197812454834464,0.7871481105009399)
(0.19035122271225566,0.8060657889488693)
(0.21568090069683674,0.7821495140817083)
(0.19565450719079666,0.8079522598121612)
(0.19943590075938142,0.8111390171566392)
(0.2001866754736662,0.8042735547108275)
(0.21011807128426288,0.7926136797727997)
(0.19182646402768672,0.7947286240477069)
(0.22224572035059292,0.7829565111301107)
(0.20833490003433683,0.7972570899139908)
(0.2021024895036917,0.7994701988319781)
(0.170518871391443,0.8133049329226835)
(0.1811311167633233,0.8116601403177327)
(0.20663588770004174,0.7922401801269312)
(0.18874945939236343,0.8025257826980291)
(0.20744459273300545,0.7920738990306319)
(0.2084961849986414,0.7998990408741928)
(0.2125245997269356,0.7984871773598134)
(0.19653333993255145,0.8049330897190112)
(0.21267028405715332,0.7953589968026977)
(0.21260365413611576,0.7928257562746304)
(0.19415756955374422,0.8043846679220108)
(0.20371909354432305,0.7976424398130446)
(0.20267014769559752,0.8002408907856373)
(0.19541704950570152,0.8000664317127515)
(0.18668509391337068,0.805990703499507)
(0.1999839812310387,0.8000424913173906)
(0.18601020875540047,0.8096117441758979)
(0.20001194815179377,0.8006857804701376)
(0.2052856656616809,0.8065557988706498)
(0.18512413123264257,0.8129210842494817)
(0.22291692884478373,0.7844545732536984)
(0.20102971504071415,0.8043149776205046)
(0.18755785101769487,0.82015299017786)
(0.20745315942459036,0.7990203635001527)
(0.20120667954184476,0.8024571405747609)
(0.20425635172130197,0.7940713954549258)
(0.2023557678491581,0.7945848600445184)
(0.18328835258680212,0.8038776639844638)
(0.19904172874640505,0.8047015355304358)
(0.203437279024145,0.8056781072548989)
(0.19977995336360788,0.802685689751816)
(0.19995412081374805,0.8081106831101087)
(0.19261075914311412,0.811614166558865)
(0.18835361407259066,0.8075054785869034)
(0.1702369347693696,0.8256874088592657)
(0.19535631299444436,0.8104346295438908)
(0.18865591089283612,0.8106557916914507)
(0.20469428654489158,0.791324101756602)
(0.19507461319816571,0.8096581572205402)
(0.18882149460903938,0.8049227055124726)
(0.21344652566465105,0.7909753562674576)
(0.20841743617156994,0.7905488931971074)
(0.19650256687084228,0.8032815721069272)
(0.2021025435714896,0.8124147045613977)
(0.20127662502441382,0.797390220837671)
(0.19167513059258395,0.8070454808424703)
(0.20869358556672013,0.7883131888388868)
(0.18017148700367924,0.815916412724247)
(0.2034889314295119,0.7873638155005677)
(0.2201978577635959,0.7855278187251877)
(0.19934648700858415,0.8095397590195564)
(0.2008407369439289,0.806466231744134)
(0.20906058238124547,0.8017493905144987)
(0.20542221871718808,0.7998974119545313)
(0.2036918123368196,0.8016709388427705)
(0.19832729131068694,0.795326662357795)
(0.20346911470795928,0.8030002495138399)
(0.19028773160986198,0.8108177679564533)
(0.1987246032028278,0.80538584369348)
(0.20046453143476803,0.8014540895485831)
(0.17774231336571117,0.8156803769876185)
(0.18705373197054717,0.8156938278388369)
(0.20442247746896197,0.8086886293037799)
(0.20031032805015656,0.7889117910888693)
(0.18293960774759027,0.8101040973626441)
(0.2066341913692626,0.7860438104547067)
(0.20192061334935216,0.7981681106888255)
(0.2109291351240439,0.7952463384844903)
(0.1895755639330247,0.8073325324892644)
(0.20455118848809462,0.7882512562982199)
(0.20969247259701929,0.7930916219144166)
(0.20469984287716447,0.8010122301861508)
(0.19161127220357682,0.7944399051472997)
(0.21618433922215727,0.7889725462253954)
(0.18492693868611382,0.8130423912335686)
(0.20959870477441628,0.789958019173715)
(0.22564237138202606,0.7857169627118996)
(0.19269588220260078,0.7953877786032123)
(0.19674192298058815,0.8050567444517852)
(0.20113181785457834,0.7910812511262351)
(0.2132902105199605,0.7954187784873176)
(0.1963247743483622,0.8128090375153028)
(0.18259708085356682,0.8101354041040906)
(0.2131159762255112,0.7882511372173542)
(0.20173107829567113,0.8049485116165065)
(0.19011651570312932,0.8100772110132782)
(0.23417389474092734,0.7830276708144263)
(0.2167723338663176,0.8006097354554436)
(0.20851219224794135,0.8002314283348051)
(0.2100876553866405,0.7943185713825885)
(0.17331818161871604,0.8169259513946581)
(0.19207539614862906,0.8088435935960129)
(0.21386748712507023,0.7980027206611154)
(0.1978496802375144,0.7970928985899643)
(0.2018660658726188,0.8040545555282912)
(0.19938385107031809,0.8024360553808076)
(0.21664806092765548,0.7850002275970358)
