(0.16952066396178853,0.8366937823169424)
(0.19403777719746237,0.8158336035257169)
(0.23298766187918654,0.7622506247968712)
(0.16970758155419602,0.8095699166214695)
(0.1164995727693322,0.8723739078403341)
(0.18566770074854774,0.8090981158565672)
(0.20579846339038013,0.7828860451943878)
(0.20525212061330675,0.796882882665047)
(0.2431959344449055,0.7564338331984016)
(0.16715954791730692,0.8400795388811745)
(0.13108246872132673,0.8518838767980843)
(0.2265758103080978,0.7559882416613894)
(0.20843368374826798,0.7830700667247112)
(0.206896944374936,0.7963219101284145)
(0.220962846114115,0.789552637718425)
(0.22472396111974444,0.7866048199543856)
(0.23848970371808656,0.769976102911098)
(0.2111307999661664,0.7863525359986894)
(0.21949625579575852,0.7897604979918934)
(0.21299699903466707,0.7934945576474712)
(0.2157466310891581,0.7790796508958201)
(0.21789613670141428,0.7895802807135875)
(0.22004712096880377,0.7787155301215852)
(0.14807633757345165,0.8271211423594064)
(0.22040139678689072,0.7880921403390857)
(0.23748086766720547,0.7824864774188145)
(0.21668344476332982,0.7822050443100531)
(0.22554452512003131,0.7907727189523492)
(0.2136283621217261,0.7885533364510002)
(0.21089292674988555,0.7755297493659782)
(0.21444095123794296,0.7954764624581273)
(0.20977539221293487,0.8059017491972209)
(0.2214904385167451,0.7896460870097327)
(0.25095636816133693,0.7588366078515846)
(0.15853324300581945,0.82626519748006)
(0.21462938772139895,0.7879069603125267)
(0.1975524998189333,0.8016481931836819)
(0.1640752193953284,0.8600111724409187)
(0.15199736938381941,0.8406319403824349)
(0.2205016615569106,0.8052809329907568)
(0.18418451563093644,0.8143897900640875)
(0.19004477197217529,0.7951948174330491)
(0.21766733532588406,0.7852391947311456)
(0.2350075418552691,0.7810042397698651)
(0.17770344998166437,0.8215034484908287)
(0.23698698348411057,0.7635536140307729)
(0.22530893912634298,0.785564058203644)
(0.20535513738165143,0.8094840586129971)
(0.19143108714052443,0.792485199235697)
(0.24567193283143265,0.7810500173134592)
(0.21402347447831777,0.7628270906924223)
(0.2010698312589079,0.80327118024756)
(0.1685350662189648,0.8231532924207345)
(0.257062552393838,0.7528349209810558)
(0.17479124950063363,0.8090521473015203)
(0.20576545080266964,0.7984669766970716)
(0.1443758769226517,0.8577223491505217)
(0.22272920457827233,0.7822371706092232)
(0.1975533714807029,0.7861643722175584)
(0.1917303442639978,0.8082297658755823)
(0.1524753941236368,0.8306902706161643)
(0.22260374151096962,0.7718872589952298)
(0.1585334365867916,0.8147574172768689)
(0.2433830677163895,0.7412488993418862)
(0.16221863855448596,0.8225836607477293)
(0.18984127668149495,0.8073617428450961)
(0.19978877529644679,0.8038824868976056)
(0.13204403166925774,0.8565373116995814)
(0.1606601782550782,0.8567406227518741)
(0.19255752239120838,0.8210171231982272)
(0.23037125676953568,0.783714970742039)
(0.2204081125085998,0.7763137368993255)
(0.2489847906986501,0.7623218929998602)
(0.1961519137562963,0.7800035525927619)
(0.2271625972610547,0.7824771080554708)
(0.21701976336925502,0.8039561577742195)
(0.1854102363082002,0.8174728711981297)
(0.1588969386241959,0.8269783078834853)
(0.18107689286607756,0.8277077708839888)
(0.1713511307074149,0.8428003817805583)
(0.17827141894669704,0.8156246874571333)
(0.21474140456758628,0.7989910589503034)
(0.19454804019559657,0.805091942111597)
(0.22421525238407822,0.7896280575101065)
(0.2190879679774148,0.7851762082512551)
(0.20700953445343254,0.792868481181259)
(0.21899720877449402,0.7819932971639852)
(0.1637453600877065,0.825296967528266)
(0.17053107289517558,0.8303135066203445)
(0.19160701912771014,0.8011382783777166)
(0.19273875754839936,0.8038061425523998)
(0.2300454782578015,0.7619379978565619)
(0.17083069234676757,0.8144095826576633)
(0.22566723050987722,0.7761338602935004)
(0.21147291674471208,0.7911349119127957)
(0.2220874425889713,0.7997166432366192)
(0.1567621888002883,0.8210879902318933)
(0.168081157495282,0.8315301948131667)
(0.19955210726219738,0.8017774133141695)
(0.20583791131641935,0.7640047612347367)
(0.22608875497195424,0.7627628488791803)
(0.16667639499442297,0.846677131458622)
(0.18724936561982383,0.8252076064222841)
(0.19962618329158566,0.8030893943442362)
(0.15791021759358714,0.8289771195128134)
(0.1742239609617451,0.8000636115909202)
(0.2027641436782787,0.8062944376917396)
(0.26936107841374834,0.7416567171451788)
(0.24423951338902972,0.7648877170147592)
(0.21067275320257525,0.7890577319975174)
(0.2026980500880441,0.7893036395056924)
(0.14890850415081247,0.8475790543681648)
(0.2253709921263162,0.7808897392820316)
(0.1940881533497084,0.7991107875654515)
(0.20597275000137463,0.8079438549890451)
(0.17972113599777437,0.8213847079611452)
(0.2222432311106655,0.7827857881680703)
(0.24105877482723162,0.7713551903581631)
(0.1914918070332605,0.8235461644890019)
(0.2071206361683388,0.8094979692782943)
(0.22046979075741335,0.7870839893088186)
(0.21619687810611043,0.7669498960743658)
(0.28816051620870203,0.7223479577038991)
(0.2583004099483006,0.7424051053263915)
(0.2179503545189672,0.773569744646906)
(0.19666412446997242,0.8086389007570293)
(0.19024909313981625,0.8050265549641331)
(0.21428699340806942,0.7723851770982042)
(0.2189846992410106,0.7709947796676883)
(0.1967390586090543,0.8032173215757301)
(0.20571820478694228,0.8092391948658623)
(0.16988440382371392,0.8220512996103527)
(0.1949193371654788,0.7903829215655754)
(0.1866591927325005,0.81911211300198)
(0.2198298031427314,0.7938964979245161)
(0.19131898760896496,0.8019108078786366)
(0.1945002977977641,0.7895236716119208)
(0.1995267423234942,0.7973156786133028)
(0.19240748710097183,0.7918905797244834)
(0.25604672860517835,0.743426460992432)
(0.1837454105464132,0.8056984347916991)
(0.17785387285059745,0.8173761762880806)
(0.2020408269430266,0.8019354992137478)
(0.20470626968635808,0.812249779354408)
(0.21129706581114838,0.7937780875528971)
(0.1918638554827145,0.828051387736985)
(0.23380432514910193,0.7712736796831076)
(0.18605336499530073,0.8053581213321597)
(0.16569609357936238,0.8242180275433844)
(0.18355408622382544,0.8099285806424837)
(0.18243987031473852,0.8081456001875225)
(0.2356999935154688,0.7769945848082643)
(0.18777883158171274,0.8166027566385514)
(0.200286020547195,0.8142723048142881)
(0.1782486041956934,0.8226471236265707)
(0.19690701339158895,0.8055923544054036)
(0.18066400488639806,0.8194406684292415)
(0.2514162301392205,0.7925648903743963)
(0.21873856751065532,0.7726405261721819)
(0.2498350868068283,0.7633424767625521)
(0.17227345419945844,0.8310629080517566)
(0.2198583463191552,0.7743402985510652)
(0.1571693689475143,0.8431694005738272)
(0.20488414994838805,0.7844248396802409)
(0.22905519697575713,0.7700591999062976)
(0.14068698661517728,0.8501487450009719)
(0.21660096604131734,0.7924652199751537)
(0.29208137313982707,0.7286096422594245)
(0.19669303403590854,0.8053964674609042)
(0.17178213729968916,0.8014622212526361)
(0.19797115370971302,0.8205785257818762)
(0.15828190989808802,0.8273651637344759)
(0.18113319068915618,0.805097142619978)
(0.16452356595584985,0.8365981460400637)
(0.1388991209345126,0.841342546187048)
(0.2114939145860799,0.7808018271764843)
(0.1821894177977814,0.8208638882209414)
(0.17980433921159392,0.8001753220677955)
(0.17110396766850713,0.8151344271800662)
(0.2094233696074392,0.7958322881871189)
(0.21217513355136108,0.7988847687062599)
(0.2388369669343128,0.7594794792149199)
(0.20907064511890705,0.7876661245056672)
(0.17674260244098272,0.8125834432546659)
(0.2793757002436697,0.7558737654323407)
(0.15205481766213508,0.8303843041025737)
(0.16996206891393825,0.8120956649895347)
(0.1564207365640944,0.8274315628412924)
(0.20679201851861412,0.8011843164000929)
(0.1576664634090832,0.8314244205274328)
(0.22284271709934816,0.7865065062777739)
(0.19482358870181538,0.7885789501732903)
(0.2405741033317673,0.7513552477905305)
(0.1718182425385971,0.8220871697013376)
(0.1720608678837129,0.8331352988508928)
(0.2098155781647498,0.7965589264361672)
(0.2234414010184592,0.7613468886553765)
(0.18159575496982547,0.8142201151247661)
(0.16854868542957813,0.8456694869075981)
(0.1811644551280069,0.808480133957316)
(0.21539723635354732,0.7606489862087026)
(0.2263020253160727,0.7821920408447306)
(0.1628195881853458,0.8469442421352498)
(0.21920215420992306,0.7751059784283102)
(0.1995528366183847,0.8007080415469264)
(0.25588664869325756,0.7575668973771469)
(0.20429346855178607,0.8045814030017038)
(0.20689260074576998,0.7806875355112601)
(0.20620412610253055,0.7698768514557497)
(0.2463868199174413,0.7773242646958743)
(0.23790884375380852,0.7771249797083367)
(0.12538801141241204,0.8584097281033618)
(0.1815578390273079,0.8155050720257367)
(0.23283886247893476,0.7703252922472156)
(0.19354323343569396,0.7970041110486205)
(0.22702264310891346,0.7760972217211942)
(0.18152579265402896,0.8306029098548577)
(0.17557726073971017,0.8188275158035643)
(0.21137079787200022,0.805281408496916)
(0.18603677952758607,0.8301329543317004)
(0.25263517758658555,0.7479159863899183)
(0.22486522297348466,0.7834557376727345)
(0.20756538151120066,0.7957170980976792)
(0.19790129800833828,0.8101975548670485)
(0.21088845805103035,0.7944481079594883)
(0.20147071791005078,0.7973294760182146)
(0.2652702485660472,0.7536272595909332)
(0.18918936306895362,0.826009934414364)
(0.19998370657924827,0.8106535790978893)
(0.18932871902883328,0.8022705955087439)
(0.20273205022611343,0.8059537248018755)
(0.19494401229237854,0.8064677139923901)
(0.1750592571906229,0.8404593787547245)
(0.220820910762415,0.7690364828755226)
(0.2009057826654672,0.7909826392135082)
(0.14533428928078213,0.8290675130741105)
(0.15792093408806582,0.820634617370915)
(0.16348294472504699,0.8408193887633515)
(0.1727219878734379,0.8275079842280433)
(0.20972559922173864,0.7823720533007906)
(0.16443260372114304,0.8336844751703144)
(0.19042272287645914,0.7740969009921287)
(0.16890742687069102,0.8157282465034771)
(0.22698320229786215,0.7791906501423083)
(0.17097128895285724,0.8138787542976926)
(0.17622220408532824,0.8277417266250454)
(0.2055037398298564,0.7907213665887389)
(0.23143446400219744,0.7837120686909709)
(0.15170110637623352,0.8488431821794599)
(0.18134323577505967,0.8047299951773135)
(0.1711351319889315,0.8262260138550097)
(0.21929905298553773,0.7906358216014727)
(0.2496425431357447,0.7592720913658675)
(0.2512018365907511,0.7630539060411324)
(0.20818838773996243,0.7661153890671382)
(0.20939726524331817,0.7822792425340811)
(0.16143682577066085,0.8289727048857694)
(0.15062347570025753,0.8486350321206121)
(0.21098229128340862,0.774648581059322)
(0.20527239501874092,0.8029629188105192)
(0.17267376363173212,0.8252672849364192)
(0.2158966060711108,0.7751038379986258)
(0.13340769679683023,0.8530879950723895)
(0.15908114303455037,0.8365798995354369)
(0.19148773146995668,0.7989845751372904)
(0.20468031815832785,0.8025314980254793)
(0.2401718202484114,0.7784235836908349)
(0.23501393524941175,0.7871914496294176)
(0.21593421374918073,0.7817325224867657)
(0.24534382204493338,0.7804593383477542)
(0.17370245852887758,0.8210907031934052)
(0.2408847622826482,0.7728273685282775)
(0.1713321365078771,0.8350027372832793)
(0.21288724661964947,0.7669854366780939)
(0.18010479600422113,0.8236027111863248)
(0.23278792793899636,0.766362030110889)
(0.22802335562500384,0.8031190710903873)
(0.17129354353163562,0.8050850329047694)
(0.15984725130149055,0.8492076945890017)
(0.19628922146241998,0.8085211486389607)
(0.21420979073149518,0.7899041327675107)
(0.2187365705917129,0.7936241210505836)
(0.17583286159442293,0.7976400529062678)
(0.16013350128368634,0.8267006597088059)
(0.18731571847092127,0.7914649064323671)
(0.19445860572514495,0.7853774567969085)
(0.2240475814811885,0.8018540732806051)
(0.17475050008338713,0.8029067524263453)
(0.21046529344099807,0.7886937333485445)
(0.2592364219597698,0.7584331322858578)
(0.20158921891271195,0.8268423428524769)
(0.1552696699043936,0.8372779780657258)
(0.21447143292570267,0.7766396627642321)
(0.24172011112791136,0.7804838101128407)
(0.20482178358341616,0.7868925024175674)
(0.22753389452768155,0.7795863353465005)
(0.1889277604390347,0.8145166885995178)
(0.15419179680022022,0.8377574418758601)
(0.18818396398875292,0.8208367106727458)
(0.20888829266800438,0.7892422310011897)
