(0.20558151365236807,0.8101412130575735)
(0.21898914175260734,0.7625516058487657)
(0.20996281638258746,0.8077756073480511)
(0.16358254718364212,0.8140866421735827)
(0.21673590150072994,0.806164350482428)
(0.23569000424130043,0.774836966977409)
(0.15746574242042743,0.829127377188943)
(0.21191303230427494,0.760955375279474)
(0.18322975677366332,0.827249301341597)
(0.2007684953364763,0.8246392662176038)
(0.24832584929673437,0.7442762913823716)
(0.2059906136776384,0.7603642341939046)
(0.11242290383722432,0.8944400996992609)
(0.18670656239129332,0.8156657440331927)
(0.1958113507510653,0.8032965537959625)
(0.19951167021708913,0.7984044996458809)
(0.19207102113465926,0.7942602292719101)
(0.15981316649613247,0.8560014756704879)
(0.0745375356591684,0.9332847182585652)
(0.1632696996276256,0.853682887950762)
(0.13880710965055526,0.8677227158555022)
(0.1697032515341276,0.8310051626653236)
(0.17559977577500813,0.8291833657057976)
(0.17462611302766365,0.8029842614654136)
(0.1673024693272137,0.826335854902915)
(0.19399215295494096,0.8046499624870684)
(0.2766843997725563,0.7179885421685174)
(0.1729686602201224,0.7995724994978965)
(0.3078729734411334,0.7273370780856842)
(0.2551056917907055,0.7504122576012384)
(0.21955939730763566,0.791496707834545)
(0.2335083895101442,0.76117088463612)
(0.23629775230211242,0.7977519931157288)
(0.19443421461550905,0.7916322121706609)
(0.30459134514516806,0.7017291043667759)
(0.18032133952160245,0.8413298585396052)
(0.199556346050635,0.81927048843512)
(0.22600236303818594,0.7766022528300456)
(0.13604359664601945,0.8574422835789377)
(0.2746743188441217,0.7455562493041623)
(0.25142047631596565,0.7378939297292949)
(0.15201861151070337,0.8338899965680159)
(0.21426813746341775,0.7687396212297355)
(0.19851945262836287,0.8175043879236455)
(0.18354486791858113,0.8036780680826172)
(0.19723614936389158,0.8126010771819944)
(0.33728851399973725,0.6724482390725909)
(0.19216195427802635,0.8303160695214185)
(0.19736814964498983,0.8152713150884341)
(0.2551617666983619,0.7567642797826064)
(0.1766826481117477,0.8224750004196073)
(0.19086907810942497,0.8043041375047818)
(0.18429727080075115,0.8054440266636204)
(0.18789563556606093,0.8138871418112633)
(0.2805502211880714,0.738370337552415)
(0.18908243146664538,0.8195783914823978)
(0.11623492321508626,0.8850003870944206)
(0.2203172520980589,0.7777538262872273)
(0.1801746741452953,0.8291917953008664)
(0.2117025353894621,0.8042883404729438)
(0.24883358296075578,0.7476359667432901)
(0.27936824380359965,0.726524670637611)
(0.2713581274082431,0.7313335173202473)
(0.18524244447680827,0.8149895639012633)
(0.2120450926470298,0.8001555893501864)
(0.21991511726321883,0.7907641503255984)
(0.21556772913560956,0.7791322399004794)
(0.323051778298871,0.6931398916511812)
(0.2107236700664432,0.8192289373078432)
(0.20209572638800066,0.8075503858539501)
(0.1294649080675231,0.8431452065008485)
(0.13260362470255968,0.8322560265712229)
(0.13895246447511467,0.8094319870802821)
(0.21281511410902823,0.8024621479749031)
(0.19013759953849954,0.8261142272544469)
(0.20031969301775138,0.7916993310099545)
(0.10910094086663562,0.8659643462416845)
(0.15789745124549698,0.7916248697377841)
(0.22066469716838377,0.7850132953172076)
(0.19737822798674262,0.8172210409444379)
(0.12110669819101337,0.8687471916798551)
(0.17205618565097747,0.8220718150901815)
(0.16106002761156604,0.8343760638768113)
(0.23886386086886197,0.7483387710875937)
(0.14934087175171973,0.8616496769316212)
(0.15735252594048463,0.8249594184793944)
(0.14357334606635633,0.8554496522233791)
(0.19940719580680064,0.832054899027898)
(0.18842493450215927,0.816438038971597)
(0.21566508762555,0.7922842036365099)
(0.1512024136870544,0.8057113264432596)
(0.18185546056997595,0.8234766111787686)
(0.1840440130524243,0.809092743634516)
(0.30836044837247323,0.6863858010712064)
(0.3007070355855064,0.7104898952190564)
(0.17283155116529764,0.794012322110399)
(0.23141387730445714,0.7886211175698555)
(0.23027984882158595,0.7548979511929044)
(0.27780209539349887,0.7078973013488782)
(0.21190414430773524,0.8014054301209308)
(0.2310785507407927,0.7609878800691817)
(0.20146915447586977,0.7875065896127269)
(0.261402044914394,0.750515101820123)
(0.22759173944317468,0.7850123597062268)
(0.24965115366310311,0.7676387385814974)
(0.19673992464456186,0.7832783816990544)
(0.17922115252289517,0.7932307089342598)
(0.2511228867513969,0.7542647319854643)
(0.18161786168936528,0.8144099541739169)
(0.2205351192413389,0.7927345516532718)
(0.25835673258668107,0.7461412624713225)
(0.19694186345538417,0.8043188836250994)
(0.18152944403000515,0.8180733244936307)
(0.21207810086742196,0.7746086781226746)
(0.23013716696571748,0.7544000973436642)
(0.21163392799815725,0.7989094994499234)
(0.2528928766760104,0.7601815217650917)
(0.2633291469521885,0.7747614117829282)
(0.17491699286669948,0.7849607199637476)
(0.17460789189284143,0.8098984006167685)
(0.18748858685364592,0.7760342367694449)
(0.3055935461767061,0.7130563105857596)
(0.27721607897167744,0.7438335765760814)
(0.17926802309839956,0.8120365259072908)
(0.14636788155829172,0.8523481749976549)
(0.12474944781708337,0.8715609944340148)
(0.18704681593302538,0.8066419955321852)
(0.1321106462792301,0.8577934470991337)
(0.17436024470807296,0.8174224667821668)
(0.2014124741154456,0.8005307095155844)
(0.17355421361998338,0.8164607858259696)
(0.24847720988294542,0.7724651008828842)
(0.18378643655641205,0.7983728133934713)
(0.16631060059126038,0.8593017744091755)
(0.17438283869339494,0.8420011006837945)
(0.1508032265118755,0.8540628823122922)
(0.23224004042592386,0.7775364738678213)
(0.16440574479880807,0.8608995412559893)
(0.18507896627706555,0.7812007495836502)
(0.12607354692211695,0.8723163736580526)
(0.16387267824999613,0.8178994533351984)
(0.18756184328114997,0.8022559592349061)
(0.17425393475182685,0.7895352870608393)
(0.11940003653154992,0.8815333385580455)
(0.19584861241187124,0.7877567869151739)
(0.29905232224092204,0.7010752719789298)
(0.180847911695036,0.8324138528050425)
(0.1274322792933828,0.8613576640745771)
(0.08899343028126804,0.914180148549471)
(0.09571950631810441,0.8959818055141526)
(0.19126658810016695,0.8101233310198337)
(0.24042363459632615,0.7709841444976484)
(0.23962541120927072,0.7605229390631952)
(0.16960381775471584,0.8381839347895557)
(0.0793667367925861,0.9245575612192487)
(0.23125765029118575,0.7800672497755593)
(0.1886304717644143,0.8317761587593311)
(0.2113971402835791,0.7758063008018042)
(0.21877775834438906,0.7642048671610778)
(0.19092229757820967,0.8111006071921669)
(0.25514231690143535,0.7551170420733989)
(0.18346440693996752,0.8032975845520997)
(0.24561614554715827,0.7777786702722628)
(0.21571470885620625,0.7773680237007208)
(0.20857753710282567,0.7839907376123837)
(0.19310974523244046,0.8079546995109275)
(0.20411125899458876,0.7782740380099681)
(0.20424318664422514,0.7787562967346332)
(0.2168022432646214,0.776240830132775)
(0.23242210680726139,0.7716911753233548)
(0.1606528312593173,0.8153239906889399)
(0.2805455145392346,0.7280604337100841)
(0.16019765685687337,0.8548989908184338)
(0.09412213001143661,0.9170179515984197)
(0.19303305049479297,0.8305976792383123)
(0.23206814925209,0.7551844726396366)
(0.16830411074429016,0.8454348313428512)
(0.22224847450244253,0.7651047115951987)
(0.18794023260985104,0.7992545239644764)
(0.19244015172773668,0.8005052484975825)
(0.1567532348659629,0.8361398478535272)
(0.08779687227144825,0.8953221257720013)
(0.1805896014532382,0.8165161781379794)
(0.2891698460960473,0.7371409323930699)
(0.1738219974663788,0.8314805295456658)
(0.2813846350470913,0.7209501146562722)
(0.16262240560672284,0.83496044608184)
(0.24975811178791782,0.7586386438502772)
(0.20291692686751714,0.8263617129927506)
(0.21252535820498256,0.756281766962895)
(0.21121686918074148,0.8090421212752831)
(0.2502246820734174,0.7572745746679175)
(0.23743467355990416,0.7902243048177572)
(0.19313494978151433,0.8137510513785806)
(0.15495815558486534,0.828491805987382)
(0.19322030112908756,0.8276303833293913)
(0.21050771199530657,0.799892624175901)
(0.2288435921718002,0.7743586084218465)
(0.22045758577096716,0.7855367078110203)
(0.1771174728701001,0.8226366156415424)
(0.21389158177900539,0.7520194660158356)
(0.19906247619941062,0.8034120426831665)
(0.19276689419810664,0.8021852834142774)
(0.30264224908188125,0.7050851149714387)
(0.16879692633442026,0.8306035283796481)
(0.2553991191445268,0.7400704665341734)
(0.2984930342109321,0.7137784726404258)
(0.2007360652168216,0.8129360095327818)
(0.23219391401924866,0.7802729422113797)
(0.18594250630873452,0.823554172071164)
(0.2614206739939983,0.7292714088372659)
(0.19751535110775467,0.7903352914093436)
(0.18530881530444493,0.8201034615827227)
(0.1532245836728603,0.8515772695400281)
(0.21357868107763528,0.7676643995776578)
(0.1523166574430055,0.815555931148874)
(0.18633956278532293,0.8366462157010057)
(0.1208462720613077,0.884374222880815)
(0.19796254263628302,0.78028782513395)
(0.1691222512172241,0.8410068857667639)
(0.2291864968841394,0.7804988390062543)
(0.2173468534636627,0.8053755129419623)
(0.3018900000443379,0.708936893778467)
(0.1800311520114802,0.8197526806146698)
(0.15805046060671912,0.8594201651039526)
(0.21590368585177255,0.7841197001908217)
(0.20610296159355657,0.839773594821297)
(0.19196724845518084,0.7896365207519714)
(0.17693943099059814,0.8021669690682245)
(0.17447658779448857,0.8040716400080224)
(0.22397156533254378,0.7879962406981165)
(0.1862014822507196,0.8270338300769864)
(0.22259104246968756,0.8011958346843197)
(0.17702445151271842,0.8013073814595553)
(0.3187291448132859,0.7118401346102045)
(0.14368927490437847,0.8523492652915601)
(0.19281685383540056,0.818138385602346)
(0.3053289016075643,0.7084471283571637)
(0.18218500473477336,0.8181828040369713)
(0.09666476984636455,0.8840254185373947)
(0.19383909623499096,0.8176055777818578)
(0.18475110713111384,0.8373695546417641)
(0.2571818491812723,0.7477350359898748)
(0.10483601920608163,0.8691361150717007)
(0.27780481600228024,0.7342208386360712)
(0.33243921856148184,0.7146155100049854)
(0.2014760169235523,0.7894751226929475)
(0.1930657838964086,0.7995733710558494)
(0.22473604263764646,0.7741773590963423)
(0.18675302576630096,0.8233437744771919)
(0.12331998533476111,0.8696858284397688)
(0.22442853169999769,0.7548148911890893)
(0.22066545708640617,0.8000552223187034)
(0.3720298683861013,0.6742159490827657)
(0.18100495066483657,0.8050474937877767)
(0.1884075027130754,0.8019096881016275)
(0.3303085659202568,0.713198412197051)
(0.26670892085862896,0.726403591941972)
(0.2143543337608161,0.7692740263548322)
(0.214775821433943,0.7779520699540339)
(0.21498608195233337,0.7923632402660307)
(0.14114568574938674,0.8584125757424974)
(0.2122460092855394,0.7867924536485664)
(0.237859391564819,0.7733845483010198)
(0.2140020177608249,0.7865537544373524)
(0.19144282492835388,0.7909660001348638)
(0.21872782018958017,0.7833550145744852)
(0.22856383449674494,0.7386773107490081)
(0.165573294339249,0.8437492814420973)
(0.18710543012155992,0.8239811543334672)
(0.17066471780727951,0.8202731154154203)
(0.14204680798445984,0.8688140854766101)
(0.12872840006504377,0.8544380860797829)
(0.2650082438622644,0.7301532323088212)
(0.32460828235150363,0.6776522534566447)
(0.16335950102761473,0.8363631743381699)
(0.28273454732516917,0.718743139891975)
(0.2582699753462833,0.7347928358260962)
(0.1584677289727198,0.8366659558138606)
(0.15630476930739196,0.8511356733706876)
(0.20341269161238312,0.810244907509562)
(0.17954450258633012,0.8170048300017759)
(0.24519465320276498,0.7508247474690686)
(0.19244224442095834,0.8224747108360344)
(0.19793827886913995,0.810488118149669)
(0.13967155944421375,0.8751735768418091)
(0.24221305608449245,0.7801062590039225)
(0.10210162193988152,0.879702862313746)
(0.33775349597935567,0.6635601614990068)
(0.22730318249397916,0.8115811447463719)
(0.15324702114684322,0.8479687831886408)
(0.15148818577567444,0.8508780399137003)
(0.26912609950300415,0.7236553537682302)
(0.18506343180809504,0.8207115558494882)
(0.28191400529407334,0.7127145302713026)
(0.1549783422929461,0.8252580076050046)
(0.2700141025163733,0.7583698222995611)
(0.25098016653682714,0.7331396018882821)
(0.15059643555078897,0.8423377631001562)
(0.19415749970500562,0.7831028217815182)
