(0.1934138799553007,0.7425196450794483)
(0.26759006506427807,0.7069059613400802)
(0.20267797531397505,0.830141334384878)
(0.14601418110490547,0.8627466991419153)
(0.32944851381189083,0.6950433096631645)
(0.30199382394695634,0.6924650125768704)
(0.0361135833552537,0.981197792303325)
(0.10307577223157194,0.9072303596709489)
(0.28879814641203927,0.7267591749218835)
(0.18945455061307218,0.7519195794480966)
(0.10464519139445824,0.8462414330302972)
(0.196468390426335,0.7980726022573886)
(0.3010870901460683,0.7020873496777783)
(0.17426241678762328,0.8358958193214799)
(0.1211444571181599,0.8869736192042758)
(0.09887432808471776,0.8841870742808103)
(0.22668542048701978,0.7629005184396664)
(0.22849633854450016,0.7670635341045942)
(0.14988166512764414,0.8468470023219583)
(0.2855049651205036,0.7265162588833237)
(0.33122568380131406,0.682388462208329)
(0.2911333379733066,0.7157592617955466)
(0.21138804466788794,0.7769639752178169)
(0.18077614099208228,0.8254412562460055)
(0.19242933710075394,0.820435193706953)
(0.2754367182338623,0.7245866917529624)
(0.19441217593642993,0.8336301280444715)
(0.17238032818036667,0.8331082311473424)
(0.18797103606496718,0.8272603339794414)
(0.23821518041061548,0.7679483127860091)
(0.36475378717592244,0.6807647074137058)
(0.07329088324183973,0.963051790107949)
(0.14310253112132534,0.8282935516690212)
(0.2472433574812869,0.7988724782948389)
(0.2721765005378659,0.7485316291766919)
(0.25882916150128915,0.7415707867368054)
(0.2533942130841602,0.7518082551295723)
(0.11312535485023888,0.8650459884495489)
(0.23650702247568484,0.7526918852954138)
(0.29382140786226646,0.6918813028182754)
(0.2821727482956826,0.7168503947036013)
(0.2219445101781785,0.8195577639921173)
(0.2770781970965251,0.800351833289455)
(0.32935652719831104,0.7291144503183116)
(0.20115553031952224,0.8246674678934135)
(0.17309917894969495,0.8455379134206662)
(0.22732640285168107,0.7647313741563784)
(0.278556161945066,0.6926081231862244)
(0.11424550106547406,0.904180887641814)
(0.22272420267582171,0.7290779379732316)
(0.13987367063727205,0.8409987898526721)
(0.048390892150034774,0.8903143797607036)
(0.3249175837944869,0.6918304037510339)
(0.3626749337084872,0.6709221215739604)
(0.33387599516795063,0.6576047709317105)
(0.14891927407597322,0.8481007357297264)
(0.2578796688949288,0.6907460361933496)
(0.1574335581678078,0.8463115450998115)
(0.18429418258728245,0.8148872482454986)
(0.16307439171420315,0.8525196951538803)
(0.23471232441195972,0.772032956476866)
(0.10728419998303342,0.876762991068687)
(0.2448396977886859,0.7638755230566657)
(0.19494426909849422,0.8374233008627803)
(0.3261672651326185,0.6809592043049906)
(0.16212673641827333,0.8572339868523485)
(0.15780443045278994,0.8323329905435192)
(0.18120766949293823,0.7785014975490453)
(0.2152876329761348,0.7764209593364836)
(0.010147344721264263,0.9701005032809857)
(0.23631498091362532,0.8088628255502014)
(0.23184026966186919,0.722007162433765)
(0.22632848108534667,0.8036536998448411)
(0.18197753810052153,0.7859386063265719)
(0.17625187803427195,0.7985163657529104)
(0.24038622920664232,0.719672941707515)
(1e-09,1.0480973316099047)
(0.21782996097247836,0.7826114194842755)
(0.23072586977054615,0.7796870808610026)
(0.13049447492496163,0.8703060566413252)
(0.31335768542473846,0.7431866455779826)
(0.19715142143750278,0.7721120271595279)
(0.16475905893625098,0.8343975074716421)
(0.12511108229981638,0.817116911764594)
(0.29582347826728383,0.7054551412282568)
(0.27789543682681955,0.7373714906059375)
(0.12911646688647982,0.8363053890239607)
(0.2578267826000653,0.717538571413241)
(0.43569124738613935,0.5509101541434004)
(0.12425285148211104,0.8686859760577834)
(0.34759490837823087,0.6840380948918519)
(0.179130919445575,0.8273171224151714)
(0.2957443715459913,0.7360655322928654)
(0.20047029632886695,0.8180810344352158)
(0.1662502976082366,0.7931631582626142)
(0.35377725214685174,0.6612241694988458)
(0.1900098335994327,0.8082025156625775)
(0.256522132811462,0.7238010544074723)
(0.34605933082485946,0.6641052825364417)
(0.16657203363745537,0.8017322097653602)
(0.14537272109807334,0.8388276161620422)
(0.19098483688053342,0.7889032124265983)
(0.2670194103461183,0.7545494424733431)
(0.260723974310469,0.7283156430443651)
(0.1580075770840132,0.8532472052621228)
(0.28237426922701303,0.7039271697638303)
(0.14499150028587526,0.8108806374418615)
(0.21151822874376955,0.7919206685506356)
(0.12857903033913987,0.8618404161932894)
(0.3354919629916222,0.6563106675180606)
(0.09966443330240736,0.8699343022017851)
(0.19606768996189078,0.8321571991636454)
(0.2645176024284638,0.7796033188371776)
(0.29771673319759784,0.6987407178873731)
(0.2645742518838188,0.735952805628804)
(0.199605012704261,0.8012864384488146)
(0.15593764822133216,0.8340360140624212)
(0.2514083581710919,0.7632303132159222)
(0.25919190893119537,0.7412301163724161)
(0.15306383706948337,0.8349886931181166)
(0.2782367535906066,0.7422061756534684)
(0.24414334298025414,0.7690851867258647)
(0.24948285171634255,0.7411085333189391)
(0.23591637678666505,0.7941592290788574)
(0.258588559293502,0.6973818866089518)
(0.15285620856359236,0.8478152053487957)
(0.20018974180476043,0.8228502583702135)
(0.19877936051847797,0.7641394030043039)
(0.21817533390901853,0.7974945471717251)
(0.1032969908940393,0.8810881730568744)
(0.2342752328909713,0.8111036656816167)
(0.1445678569759953,0.8546062528762375)
(0.06261968371248686,0.9745373942837067)
(0.23724726092810483,0.8026692157955978)
(0.14866098210448264,0.8118189838548907)
(0.1423100044807907,0.8704103834297467)
(0.1123196500963546,0.8709174603709109)
(0.18169716318768464,0.7941658005822979)
(0.14398733895689922,0.8454737980904694)
(0.2518614123526361,0.7543386904418371)
(0.14528741770529974,0.8139980700252625)
(0.13282755151251913,0.9094765691206054)
(0.20952908490727137,0.7805740008887458)
(0.19927636720498607,0.7834730411780987)
(0.2781834411382563,0.7041030530056518)
(0.07964714844317698,0.9281538707946317)
(0.3053428605596402,0.6767435632460312)
(0.1846809918968135,0.8299216451556716)
(0.28269405813133097,0.6831691254740924)
(1e-09,1.0041400899247275)
(0.2847921921831423,0.7594584040428282)
(0.11679233348444926,0.8622388262695969)
(0.18207575784249758,0.8475751651054357)
(0.14421746029156543,0.8162480800704534)
(0.07849387840578183,0.8692536848168639)
(0.14895386392129908,0.8757204829088622)
(0.1307806530653485,0.8713475874233454)
(0.11561311366251295,0.9139912375606448)
(0.16519151858593709,0.8680551951409171)
(0.20271655541141395,0.7909565139692957)
(0.2373337594434098,0.7532770912411152)
(0.1798898511458446,0.8279960179379319)
(0.2944240846018633,0.7104764695162524)
(0.19275520286926326,0.8027003422457644)
(0.2361679629187078,0.7814757565241262)
(0.32773289949259143,0.6882111110249105)
(0.10911933625330629,0.8754736900647276)
(0.30323144916006345,0.7206441761561841)
(0.16858868230978497,0.8341728210352967)
(0.22947671830612704,0.7463059396310401)
(0.032642014011032984,0.9489319484616546)
(0.15662839341751786,0.8038590576601784)
(0.19547627004657467,0.7752951542187903)
(0.17384109918593255,0.8256807926128401)
(0.1895456526891164,0.8695129197012865)
(0.12466954365071271,0.8267134320120073)
(0.20707384977921955,0.7921346173942548)
(0.17696414803087632,0.8052774402423085)
(0.17676327857683058,0.8378377950257488)
(0.18199827169156244,0.7750898973150592)
(0.2192518498769601,0.7382905221339157)
(0.12300665185574544,0.8950039155088205)
(0.15107438675022444,0.852523170992649)
(0.1857547367530127,0.793069094848903)
(0.08479288263510742,0.9446594137264296)
(0.28762221543285216,0.7612202402999823)
(0.28342815236806473,0.7333782282702139)
(0.13892518053245798,0.8641126584674411)
(0.24107497999962715,0.752234672996813)
(0.21160001062274172,0.7550727477139052)
(0.25988026820838356,0.7415778269237286)
(0.09400583072071252,0.8839385747168135)
(0.21551098316719589,0.8182090813928755)
(0.12683250695342982,0.8738948530522119)
(0.2347766523361642,0.7692666770220907)
(0.20996184213465943,0.8561276865466236)
(0.08585501058824684,0.9014864103245924)
(0.2919976604614794,0.7156810797570244)
(0.25146636628518204,0.7362768066773999)
(0.19167309967187546,0.825880494719989)
(0.11966044572960795,0.9243485669838198)
(0.3586793770718762,0.6495922118843133)
(0.166062542265219,0.8071081170255063)
(0.31631969008586847,0.6264212293736299)
(0.23974465452884638,0.7568255324105134)
(0.16942886525442324,0.8700891130511305)
(0.2605605139421337,0.7560830959125783)
(0.15614160202743005,0.8355712735081442)
(0.19078361289127926,0.8003996443547358)
(0.24679184689546257,0.7312193950078059)
(0.21372970769208893,0.8034432727025563)
(0.2226618563260492,0.7925320930880974)
(0.3672459599163133,0.6422611634666112)
(0.10000845817499472,0.8522372955435065)
(0.22436627087567165,0.8137713791425594)
(0.20453450585918936,0.8144994998343202)
(0.21575164600736563,0.7716842241473321)
(0.19199582996277903,0.7938296746962891)
(0.16467090054074202,0.837111331001893)
(0.21988921236202116,0.7629974365127608)
(0.24164832559031393,0.7723129367381456)
(0.2775334512574765,0.7016342740070148)
(0.11566369069337074,0.9137420677776369)
(0.23785879060048679,0.7701016802026239)
(0.11902956532372504,0.8483740783806628)
(0.22877287239413507,0.8007545445543294)
(0.17887554419636248,0.8187490780664183)
(0.20539906225700527,0.7918364709892795)
(0.20299221720567356,0.8061838998219323)
(0.1446269738355244,0.8679646999995462)
(0.19501762489214028,0.7855856381332901)
(0.24840086805552858,0.7181676061444556)
(0.20308306288927602,0.7809413361595079)
(0.3815722895143098,0.6282527346522673)
(0.160120175713951,0.8084155073320431)
(0.2960665498722134,0.7146427295545978)
(0.34178508538551816,0.7169314254443143)
(0.3132396768145303,0.6833033814030406)
(0.28278670724842375,0.7375488807193993)
(0.2843625969716556,0.6994572894115907)
(0.08744505613068576,0.8753257814719817)
(0.1601671811195484,0.8679948500773732)
(0.2951345154325929,0.7365109941019651)
(0.20717019041082804,0.819678990289163)
(0.26248184493748833,0.7524136800035949)
(0.22318685663083576,0.7957170856647311)
(0.12696346794456742,0.9275906155136392)
(0.26001503364566375,0.7592584376016047)
(0.30955804282820093,0.6829653253812645)
(0.1249439254996013,0.8965648817016832)
(0.07190149082985878,0.8911912335323893)
(0.2241557537395511,0.8128796104005305)
(0.2931006724775927,0.7679122849741132)
(0.2479502929456651,0.7760496862080769)
(0.1911284633945352,0.8262618436191358)
(0.17734018234644738,0.8183824274337599)
(0.21060259904953355,0.7794298744795889)
(0.1573342500808204,0.8163590069197352)
(0.3082082880350628,0.6765137046389768)
(0.201259640668649,0.7600182264991686)
(0.20671025542256688,0.7527525374945004)
(0.23843765421876456,0.7768891741033611)
(0.21528179464534547,0.7921012726250335)
(0.17196193959365616,0.8159844107755498)
(0.08996188047911738,0.8874175374884806)
(0.12423095743800777,0.8793222008766788)
(0.1432930271254509,0.865324061834384)
(0.2941717102028447,0.7118065539979659)
(0.21516807696769327,0.7806279213531323)
(0.16968574015134053,0.8321579440292789)
(0.1748884870552309,0.8410932201158815)
(0.2944822744009717,0.7131660808094125)
(0.12550150395991594,0.8323360373877321)
(0.2104425821884711,0.8001369723519736)
(0.3789733509857266,0.6303449814112054)
(0.183639452037618,0.8224640963617439)
(0.2808298634721488,0.7298559740208117)
(0.19726043774207236,0.7780477449739501)
(0.27405457841229897,0.7297540320631868)
(0.11574125510671603,0.8877005956479604)
(0.22019258620653046,0.793184165803341)
(0.1999221333018927,0.8025193989791066)
(0.3254140229646573,0.6730781564930747)
(0.2742841490931836,0.7716480003896993)
(0.22368020619732865,0.7553810911165098)
(0.21086473219280383,0.7742672310123322)
(0.21792037593607286,0.7764766555964827)
(0.16115512248358238,0.8169023037032034)
(0.26880637656028483,0.6855823945840331)
(0.28457557931905286,0.7390055926746136)
(0.0712283462885912,0.926288328160796)
(0.1611614066672614,0.8645711027581775)
(0.1628100487702272,0.8530235888152856)
(0.14052885693295422,0.8267079393232311)
(0.22352573857268357,0.7680602930387082)
(0.2107695593860466,0.7857832021569986)
(0.06208182516851917,0.9437335428227707)
(0.10580136368630852,0.9482720204658278)
(0.29134050023697705,0.7021255024244665)
(0.12550262629817568,0.8761710358031722)
