(0.23193805807170356,0.7996442574013795)
(0.1708441318320623,0.8213694013295567)
(0.1595088895753213,0.8613569927096031)
(0.13281678045006276,0.8514927576826002)
(0.13716661331803204,0.8618007883895052)
(0.18643000654077588,0.81737238945836)
(0.15758516994711855,0.8481706168244515)
(0.1485416402822959,0.8467112072698362)
(0.13283119984421948,0.8675373586920868)
(0.1538542969916969,0.8350683579902518)
(0.129521277424111,0.834740956686223)
(0.1758614376961989,0.8261199029608697)
(0.18352475418414269,0.8051941520889543)
(0.1581886416975411,0.8396238749470443)
(0.15603889552849706,0.8337920960680032)
(0.16276693011294494,0.825542967876162)
(0.15558317448914738,0.8454390590272978)
(0.16470883562438415,0.83427381657241)
(0.1595435321279269,0.8462549681653548)
(0.171215031438198,0.8353474741609499)
(0.15873477730901728,0.8514361580368454)
(0.13529739218441314,0.8441555223632307)
(0.13168854277794512,0.8698045536424591)
(0.15719602074638075,0.8289103539006563)
(0.1697947555603053,0.8460319375797288)
(0.1440976687974809,0.8726559289466307)
(0.12663313546826163,0.8844526297670371)
(0.19465373880461548,0.8194088127736809)
(0.1617856198351978,0.8384329945656813)
(0.21487220421983358,0.7925628525077378)
(0.0962205923819991,0.877600989558086)
(0.1567685865628567,0.8120426504246335)
(0.15880815395246928,0.8400593849010611)
(0.13968192930435233,0.866258512173167)
(0.1212103583774508,0.8705821177803615)
(0.17854224685852893,0.8130961484947249)
(0.1482798368919802,0.8376760997850691)
(0.14469062246193767,0.8326430789944487)
(0.17466326069739438,0.8327889050096546)
(0.1372646938615256,0.8645825896380321)
(0.14154686191793692,0.8589621554090343)
(0.14022364710907104,0.8329390729862646)
(0.17901983510120392,0.8052527067090494)
(0.15436361628272563,0.8433232936947949)
(0.20359504879682985,0.8035874587792358)
(0.1480164018971956,0.8526536220226624)
(0.14050669209389285,0.856613953034873)
(0.14921072286762332,0.8365100816325289)
(0.1870776266615492,0.8059347691282847)
(0.1452822702154075,0.8530603952592813)
(0.157854478826828,0.8311370652320541)
(0.15957900552246002,0.8285162781669255)
(0.1763344351304896,0.8376979450918454)
(0.1334419851101838,0.8646756893493223)
(0.13909263297299856,0.8572517942591807)
(0.1373641751959982,0.8618693511764739)
(0.16526679853730883,0.8356721110595815)
(0.1796374830048927,0.8108476584026115)
(0.14283813915013463,0.8648834635794121)
(0.14882598618734452,0.8511142437699596)
(0.14123143045895717,0.8586525260404811)
(0.1908302598624008,0.8192323040506134)
(0.14602689186995388,0.8563044840085888)
(0.11424857000856724,0.8597069904439841)
(0.10290829385253734,0.8791270597071187)
(0.15655644261959,0.8415091825227647)
(0.20424809317539136,0.8108085059283952)
(0.1514493545834549,0.8621073406983762)
(0.161173117794289,0.8412788394612042)
(0.1669472671532875,0.8445280175248349)
(0.15498388238665864,0.8394247158133635)
(0.14787973253885353,0.8452831242580126)
(0.17633834587801164,0.8225135206357144)
(0.1847291674217244,0.8184692798471384)
(0.17497304294215227,0.8294241627528443)
(0.15613254262331178,0.8732283541498741)
(0.1563488571518065,0.8497743477043775)
(0.18026440853547926,0.8275507583862798)
(0.17171491437087452,0.8268834265299753)
(0.1835638866480596,0.8483856394672966)
(0.13246703267272955,0.8659960195091231)
(0.14952463877536212,0.8513125533278355)
(0.15944716308246132,0.8520189475561509)
(0.1496791972262069,0.8673437613747684)
(0.17857459110366844,0.8481725274752647)
(0.12323262101869087,0.8584916309449196)
(0.17702990832893978,0.8230498866546359)
(0.14974006869801582,0.8653330503825984)
(0.18455357249801618,0.8051334797799847)
(0.19497183988994204,0.8002491213050961)
(0.14736834322725362,0.8651594851064645)
(0.1853522158551412,0.8113626645086941)
(0.1375661423434757,0.8582018900098969)
(0.11294843048124602,0.8942006554358283)
(0.129421435281731,0.8700709488095308)
(0.12009564210042983,0.8412480470891954)
(0.1995804634571824,0.8258163520664705)
(0.18407275276927634,0.8440656916641122)
(0.183822254246671,0.8213693375807758)
(0.11863681959201154,0.879663187879984)
(0.13226813653888198,0.8424906566250783)
(0.1858892533348464,0.8154676655786186)
(0.16217003710227643,0.8220393135935865)
(0.09988322678603821,0.8860718262219001)
(0.15615639512236584,0.8322037549890198)
(0.21260111047716163,0.8147083162439198)
(0.13670029433291456,0.868859311154694)
(0.16708017016477977,0.84041710032041)
(0.15520871094808242,0.8565529848040436)
(0.14176078613906035,0.8650719888834855)
(0.1898677106279294,0.8267532368723647)
(0.15367927781332655,0.8542969760051614)
(0.12186102370142284,0.8640756974698389)
(0.13855252681816985,0.8375323157180135)
(0.14296256360452517,0.8541946214213963)
(0.1894495776227282,0.8243249116634271)
(0.19167133728989807,0.8138188254939885)
(0.19805675899374187,0.82434932927098)
(0.1692826227288051,0.8138814675168806)
(0.17360492900313695,0.8294438660869118)
(0.20341911804287743,0.8173824252242166)
(0.1764831321170572,0.8305204529307579)
(0.15601898213080176,0.8131404281581829)
(0.14473016461272314,0.859326285158451)
(0.15454195105887622,0.8183475568254418)
(0.15724798989162134,0.8418589953613154)
(0.17168482446419178,0.8145587000334001)
(0.13408929746241066,0.8512453200863241)
(0.15546185346355867,0.8366423644661027)
(0.1994612365731162,0.8023437278418708)
(0.10961525626469029,0.8855257909079376)
(0.1718493425226816,0.8213496330039278)
(0.14777689560002025,0.852335755500556)
(0.15744783264606838,0.8416952125079471)
(0.16860315128784897,0.8365087342596464)
(0.16966752608005928,0.8393577033587661)
(0.13876020272074718,0.8499381879513415)
(0.1672082452771079,0.818428683113724)
(0.1635600846100434,0.8563497721431522)
(0.12255029254949566,0.8576349027182335)
(0.1447936322780842,0.8548812047134828)
(0.1420008656114099,0.8487644068662645)
(0.13786880824999806,0.8769900766488101)
(0.1466606576663175,0.8446131306163821)
(0.11637180572333554,0.8921069112802309)
(0.13287006551887737,0.8638972658360761)
(0.15614760873847414,0.8405405109112796)
(0.1059347914982922,0.8688778151301539)
(0.18972450420175027,0.8243408916255558)
(0.196848791425065,0.8025274344930897)
(0.18271218399926314,0.8239884778846804)
(0.1531359321908966,0.8388185124274387)
(0.16224945253329678,0.8378688931516277)
(0.1286910851261161,0.8598655158776721)
(0.17534418646621486,0.8133965541730231)
(0.16788040241748275,0.8441406328522437)
(0.1116925702515575,0.8939500494577967)
(0.17626981366596994,0.8307531132212683)
(0.1727950037113015,0.8209893291046172)
(0.17533730378595833,0.8179139124797018)
(0.1711901829228245,0.8414937586825136)
(0.13563950794981616,0.8524466938091904)
(0.12771573584454912,0.8564800186460824)
(0.16743673351364322,0.8499378872131161)
(0.15109847309885355,0.8507287464515061)
(0.15017611081647164,0.8331070428451871)
(0.1850436468218884,0.8304181863274581)
(0.15124894016652876,0.8320678394502847)
(0.17165675422208418,0.8202782690193241)
(0.14643800710384447,0.8242203774311493)
(0.16077736570859266,0.8461331495369714)
(0.12827232895065158,0.8626561042382642)
(0.17054846043149988,0.8368342328715243)
(0.1047828172283037,0.8998254824569716)
(0.17328062744195089,0.8290698447918556)
(0.15208771668657198,0.8507692159558093)
(0.13014906316775918,0.8888059152277282)
(0.14736885128058433,0.8429671416170236)
(0.15395370233984354,0.8322524537585128)
(0.12528896568628592,0.8602484529563231)
(0.15477000315362624,0.8485095160561092)
(0.15163102779697465,0.8461500026307988)
(0.15795449265398687,0.8338793077859207)
(0.17340183123788278,0.833438130661396)
(0.16893874560090372,0.816128970978333)
(0.14494964657912188,0.817717122373598)
(0.15133217744529176,0.8247285242005291)
(0.19771577047115205,0.7991661799439659)
(0.12243527612361027,0.8551940354135802)
(0.16741862512471692,0.8534289952104905)
(0.14090961166341848,0.8713858079245046)
(0.1765476194869765,0.8219036659654003)
(0.18153295310875953,0.8204920444208649)
(0.21374285978527754,0.7914894667612665)
(0.1533332338042726,0.8418220504228077)
(0.15830082770332188,0.8297971194761095)
(0.1365826562623724,0.8614049490263734)
(0.1578605131861879,0.8433919290936452)
(0.15394860685344564,0.8222048284808261)
(0.1615808634403415,0.8511458221588538)
(0.1735745013726305,0.8254568858919945)
(0.16342240349531986,0.8336867302931482)
(0.1267751389723447,0.8641559001741584)
(0.1630023629913738,0.8395010741298341)
(0.16993656299408955,0.8252837440425915)
(0.13831018088963296,0.8642371897378041)
(0.19946821299872297,0.8126202905462638)
(0.14593654868107692,0.8219903849300461)
(0.11970932628819937,0.8880595650665642)
(0.11020405524759558,0.8870445151312162)
(0.16160333218763404,0.8097290681569513)
(0.15268832025726126,0.846960713248995)
(0.12360175578033925,0.8705745151333382)
(0.17006051663944546,0.8361714002938047)
(0.16974108629559626,0.8258643828777671)
(0.18866437731672425,0.84510468700836)
(0.14859939868390232,0.861501800286255)
(0.2030597589767258,0.8022548193654012)
(0.1618357978805819,0.8479533210619097)
(0.19402304225206568,0.8266372425792063)
(0.1532074737629295,0.8596125098656914)
(0.1722380485140442,0.8305362318015094)
(0.14788202333212924,0.8467321931957528)
(0.13745625200837208,0.8800052222573156)
(0.16195653791542183,0.8400513774689095)
(0.1639311411243651,0.8406251600994311)
(0.1723711553424833,0.8151351040316033)
(0.150662397033043,0.840291913336962)
(0.18083433697988727,0.825991803711978)
(0.1502986144623221,0.8464036999157342)
(0.1446816862731612,0.8717031965495158)
(0.15437105819799046,0.8283907751179419)
(0.19163838622087973,0.8327493781888607)
(0.1651836475764977,0.8381872304695088)
(0.19600105490430242,0.8061432045838994)
(0.12740330386811452,0.8945783173494792)
(0.140036123054617,0.8647589416054597)
(0.17023065774283538,0.8312518765317162)
(0.10037915551460892,0.8978801190206227)
(0.17269298379443634,0.8241992884126148)
(0.18451754243632612,0.8344923841313087)
(0.16465784852519086,0.8400248245411966)
(0.12752834810492797,0.8604074166614958)
(0.18034284650270593,0.8447503950847948)
(0.16266366395148552,0.8257935266397735)
(0.15062463697050296,0.8427775324499142)
(0.14155873931724308,0.8679594209432939)
(0.1718123629994322,0.8325997723038037)
(0.15545032266443856,0.8431185237512043)
(0.1661083470029563,0.8302685338558737)
(0.1441447508728198,0.8453338953233496)
(0.1786284908535907,0.8204471800744246)
(0.18633983403468976,0.8308010209382646)
(0.16803356389851046,0.8293440268159458)
(0.15054019059156865,0.8464961256034867)
(0.17157566347205477,0.8265658046086943)
(0.1554478815075938,0.8367305198799112)
(0.11022164708953634,0.8739297518748345)
(0.1539184492716164,0.8380164619727302)
(0.15105048053767348,0.8294427687984836)
(0.141462831497232,0.8618638940668727)
(0.1603675120551312,0.8415909392857358)
(0.16626314953049415,0.8337304098639703)
(0.13201550840625617,0.8723107174350339)
(0.17117015855571419,0.8381888219910427)
(0.19487938772023147,0.8168914764767401)
(0.20095131278693754,0.825652337312676)
(0.16310234138516036,0.8194245230057872)
(0.12089976600236148,0.908399259589301)
(0.16230498792323528,0.840702267561167)
(0.10235602432623864,0.8771057241819779)
(0.1956243888392413,0.817259837389993)
(0.16535281495450624,0.8308781406764943)
(0.11549920269185104,0.8684433729000554)
(0.14422742705894384,0.8563767239996919)
(0.17956457284752597,0.8297382772920794)
(0.2019277720028623,0.800359520781186)
(0.1754884561424944,0.8407385758089381)
(0.1553337766807573,0.8388100987851885)
(0.1675163558051552,0.8594133742724702)
(0.16539342530323897,0.845089397239815)
(0.15025376617000283,0.8433830905381617)
(0.18036441671859174,0.8177516963566073)
(0.16665902719816814,0.8520749538519607)
(0.16346229003076382,0.8415210268908598)
(0.17723377189641634,0.8379189146038571)
(0.1669339124341179,0.8222040845553962)
(0.14129301546849346,0.841061630693918)
(0.13351908485670644,0.8564161469508452)
(0.20784224854895053,0.7901355599631091)
(0.14413419589224793,0.8522278817601389)
(0.1887306819557042,0.8225908571312148)
(0.17692931837976086,0.826305312803995)
(0.10918627673731779,0.8829238094048351)
(0.22445651317524007,0.7881349817171095)
(0.16349547827681316,0.8251629245392406)
(0.17552312595764002,0.8326508117109552)
(0.21474909406331258,0.8045618729636103)
(0.17741035074179007,0.8120998126382556)
(0.1893163897889649,0.7981607697795241)
