(0.20175476258997646,0.7939434813989222,0.3171961375909447,0.544505076566357)
(0.22003516753942873,0.8085192071071791,0.34593634559955966,0.5659233443177872)
(0.1935839867987052,0.782076453809797,0.304350153244196,0.4555793853815009)
(0.2075088558770079,0.7841102969922367,0.3262426460478164,0.23429495110523324)
(0.22427150625327932,0.7898745562503378,0.35259666062910516,0.2879609641974457)
(0.2006113302727236,0.8163267970724989,0.31539844860470573,0.3257855368170983)
(0.17532302147277912,0.801506260985009,0.27564050795152184,0.463950630680421)
(0.23471003989627626,0.7886454454530673,0.36900798352015773,0.46951980657903825)
(0.20083934206633544,0.7992268988192195,0.3157569256950624,0.31854929602018034)
(0.21226806031931114,0.8140236596329127,0.33372500357794416,0.5535135281656891)
(0.19331829202718978,0.7844230204878881,0.3039324314803035,0.23620521906638467)
(0.2061362501436464,0.8019315882468426,0.32408465368387757,0.2941168916398997)
(0.20063900252510092,0.7984342338999837,0.3154419545495461,0.15288631248544104)
(0.2191635115341965,0.7960271855444391,0.3445659396938041,0.2587094712046875)
(0.19182769048697604,0.7932464180997986,0.3015889276880099,0.3486856327988489)
(0.18213415445028172,0.8029577393749434,0.2863488800630284,0.3881765247398966)
(0.17559269028055832,0.8175286529086446,0.27606447764204234,0.3064200972107842)
(0.21317704885942218,0.8012933298727031,0.3351541031954021,0.28886549483545515)
(0.2064035877986054,0.7928623483694328,0.32450495836713283,0.2421774646509463)
(0.1971359888303072,0.8100728323082047,0.3099345633006222,0.3391925433564178)
(0.18522028518965997,0.7934378565635543,0.2912008535087353,0.2767204893989968)
(0.20869880939968816,0.8002205385311568,0.32811347505061916,0.19299867859807854)
(0.20013796214571003,0.8032710525846292,0.3146542255706626,0.31558861718466513)
(0.17940436362943182,0.7914205031089382,0.2820571394682127,0.37774214062785166)
(0.19307718598116258,0.7991263409914978,0.30355336778154424,0.6072043138090523)
(0.18762725044197068,0.8149144304094779,0.2949850520651787,0.27039416841013814)
(0.19295641124981291,0.8070733565638702,0.30336348736528584,0.23665075066661787)
(0.2556458826854722,0.7949349358535919,0.4019230353617846,0.2246246792634965)
(0.2134568348851025,0.8027680128733004,0.33559397904050464,0.6127082206052497)
(0.198044513166736,0.7855742295637201,0.3113629331032635,0.2367648723124111)
(0.1895221776857795,0.8119018126815074,0.2979642313174353,0.24700186191255216)
(0.18310857864891847,0.7707569768692045,0.28788085674707264,0.22281757637910277)
(0.22715454417402753,0.805622995403059,0.3571293342634226,0.24145723411652956)
(0.1898484977658156,0.8011282743196101,0.2984772673800148,0.24179685713921506)
(0.22228779135495613,0.80829337402742,0.34947789061469664,0.3636729669381006)
(0.19555306675539172,0.7952087395561761,0.3074459143992278,0.2594633695414096)
(0.20488484700692572,0.7906493734304665,0.3221172144202817,0.29834243911148156)
(0.21847972143985636,0.8037716499015256,0.34349089405887934,0.19916903019350657)
(0.20612741815757804,0.7888461916114791,0.32407076815358243,0.21016294455307621)
(0.18518528909867943,0.7998607616268303,0.29114583312286035,0.35924613345017664)
(0.19476870507214017,0.7861972727483889,0.3062127514582005,0.1785975706530348)
(0.21031251606514997,0.7865992579011761,0.3306505230732698,0.3840835200945196)
(0.20896838647701785,0.8174536990195406,0.3285373005237546,0.27080296270130827)
(0.18441408065424428,0.7861933692916607,0.28993334952786587,0.2724919765407697)
(0.21569206609934732,0.808776543161599,0.33910817964067624,0.2996180418516479)
(0.18304331517573183,0.8053734772683349,0.287778250387972,0.2621375834600476)
(0.19643805158517172,0.799764129432257,0.30883727570455316,0.39948426067360343)
(0.1879723761318406,0.8003590551262717,0.295527654055857,0.5325502975772094)
(0.1934951779594817,0.8162329621181402,0.30421052917572794,0.3291366703344955)
(0.18799582217735203,0.7817830356260534,0.29556451561482366,0.35491502567270233)
(0.22506982842517487,0.8018240215248662,0.35385177206354057,0.3499917089487516)
(0.1913040392858489,0.7981792666259926,0.300765650277801,0.23369821758379533)
(0.20385780428931716,0.8125827895888039,0.3205025116049216,0.17113689239055657)
(0.20113877435199382,0.8042783852220108,0.31622768912716975,0.2923325531651001)
(0.23235478625799622,0.7894666312441003,0.36530508527121913,0.24914111082812945)
(0.20137699150842814,0.8025354748633826,0.3166022109523741,0.330677520566973)
(0.19710425027897158,0.8077398096810346,0.30988466437498025,0.24144582466201062)
(0.18358545186184533,0.7901456716696547,0.2886305904302789,0.1843474422489614)
(0.2199032559461187,0.7916823335762129,0.34572895595797565,0.39900951108893173)
(0.18946940228153353,0.7902963448212706,0.2978812585331911,0.33517975765933705)
(0.20285400844916457,0.7996949372904054,0.31892435721917683,0.22154715057771596)
(0.19846709621651412,0.8025146819525231,0.31202731251855115,0.28533916945859117)
(0.2087312907406193,0.8015605211833835,0.3281645417801222,0.28406804592712503)
(0.21623936893565257,0.7989078281792844,0.3399686418351742,0.8185706732717306)
(0.23694401054903447,0.8070431037713298,0.3725202022824306,0.24292105476516493)
(0.21990297006176743,0.7981964501210251,0.34572850649442466,0.36204138714995665)
(0.22560591897870608,0.8038839419219203,0.35469460645711903,0.2594213283484081)
(0.20868845060606908,0.8046237114650054,0.32809718909392654,0.22771417805579156)
(0.20695786345984246,0.8144171682844027,0.3253763831436689,0.2562746424930759)
(0.2036139442217833,0.7966403671744088,0.32011911807040755,0.29503062590444595)
(0.19673005386679632,0.7913074325332109,0.3092963577837569,0.2929477579939126)
(0.1883498103192784,0.7862181760926231,0.29612105103401587,0.3037231150130631)
(0.1656975611220579,0.8039640713327502,0.2605074880089471,0.26661634450799615)
(0.17508889979204204,0.8035056194816177,0.27527242497839755,0.20508447547822084)
(0.17809949512293857,0.8097778794500827,0.2800056426658057,0.294204345898029)
(0.1948571055143326,0.7913434101020504,0.3063517334503221,0.28983929665451114)
(0.20173598532880288,0.7980600554604022,0.31716661623223014,0.3545961135156642)
(0.18276869743108223,0.8044971703819737,0.2873465000451372,0.20198499197926645)
(0.17116994976480707,0.8063794368111059,0.26911110419422773,0.1993530690984045)
(0.25181428381984394,0.7998763080142013,0.39589904690484234,0.5267121684045869)
(0.21507257696364723,0.80571934628851,0.3381342271123636,0.2648393048702823)
(0.1926087544228422,0.7888982899841149,0.30281690595473276,0.4363757230711119)
(0.18466040972723444,0.7813567827545176,0.29032062479971477,0.2382254617724532)
(0.20118517906489833,0.7871036680715382,0.3163006459957481,0.6442562175984529)
(0.17274788721321044,0.8047937202197145,0.27159191633253077,0.1947125805402842)
(0.18455256089348465,0.8093352317012635,0.2901510663066712,0.2762602998270677)
(0.20601058673048595,0.7997995904168239,0.3238870873475032,0.19193068503267646)
(0.19450297121948792,0.8228882020280612,0.3057949682514677,0.25243789946833856)
(0.19588596607675116,0.7974583387262512,0.3079692942569636,0.2785844738873935)
(0.16808753306992208,0.7950797398177507,0.26426496991956683,0.14282155340707395)
(0.19819739890280041,0.809144164418362,0.3116032980113819,0.33912580059045455)
(0.19278724703364014,0.8064918209101096,0.3030975296486016,0.49163411182856714)
(0.18678380399636596,0.8077114856684752,0.29365899685153135,0.25061500659284625)
(0.19692206983293895,0.8092047755701096,0.30959824271591097,0.4510103253066843)
(0.18421478903889343,0.8126583531090955,0.28962002591739916,0.35770845388454825)
(0.19675138801193745,0.8110013721172576,0.30932989904122565,0.28074641860037014)
(0.18477065298382525,0.7938872613424532,0.29049394777230364,0.15699775872040045)
(0.18362004593024853,0.8162380980664099,0.2886849787616382,0.3416679423638518)
(0.214721026449205,0.8007452510913031,0.3375815240984783,0.31032078196789326)
(0.17723394412960514,0.7933413744285569,0.278644834978052,0.29796606077913423)
(0.19866786279631954,0.807886131236689,0.31234295504839343,0.2069680048554677)
(0.213719681667093,0.8178533262859025,0.33600722323338167,0.4592418836905036)
(0.19506708118274943,0.802571539725648,0.3066818543860308,0.18014394078612278)
(0.21711313334240748,0.8113587331439336,0.3413423625415863,0.24657885839120952)
(0.20458300200614593,0.797870082755171,0.3216426577497506,0.24798381891706264)
(0.20722227937498908,0.8007263553506937,0.32579209430669376,0.2423623635754327)
(0.1833868794479694,0.7989032084018021,0.2883183975387457,0.2425304763542863)
(0.2157808326871125,0.799387108514779,0.33924773728196705,0.27188558201332874)
(0.17699284452830072,0.8064513768063561,0.27826578141159963,0.2755631964198701)
(0.19728539893890146,0.7845873732939295,0.3101694638737475,0.2264456784273624)
(0.19636446094073826,0.7931387341995767,0.3087215774782636,0.3915935750993843)
(0.21483414424529912,0.8022341928965269,0.3377593663836033,0.29534746342468066)
(0.21227044939525658,0.8040189903281283,0.33372875965117177,0.23003614934197605)
(0.18907036607368047,0.7891679343154964,0.2972538991476426,0.2676656607461201)
(0.2105142775760431,0.8067458923616142,0.33096772982045264,0.4057306812984367)
(0.21449786830845086,0.8224518712878325,0.33723067785618643,0.4154005307995593)
(0.21994419655250413,0.8055094718354978,0.3457933222314127,0.2548221776273636)
(0.21355942339837428,0.8051081341192746,0.33575526732809335,0.9753606925266612)
(0.17698363526352848,0.8004228882540253,0.27825130272877546,0.28751084495232804)
(0.22622041577097238,0.7917155179498447,0.3556607100898993,0.44919671617709966)
(0.2193879255167917,0.8009594702875621,0.3449187603538312,0.284532324932213)
(0.20612414499653672,0.8064795367531281,0.3240656221335991,0.19904495739714287)
(0.24070761484342593,0.7898427676170212,0.3784372905844689,0.24335830026653718)
(0.22479982961565864,0.8004573803684625,0.3534272835487056,0.43358624141798)
(0.2050989761886031,0.7843420431510328,0.32245386545395077,0.44142089569238785)
(0.18957634954987196,0.7994806738365278,0.29804939959716087,0.30323459727588103)
(0.1851984812932563,0.8047720990120902,0.29116657371461846,0.43083553087521126)
(0.18066510484677595,0.8026119016306544,0.2840392599371901,0.7518990163838712)
(0.16081006971010145,0.8059191379269964,0.2528234394220389,0.32078157993040757)
(0.22769677068282973,0.7929741232346623,0.3579818155237585,0.3004343884619667)
(0.2112357974701518,0.798474081382263,0.33210209374162275,0.3542101758254453)
(0.2071071840391998,0.7975289204135866,0.32561114296012617,0.33116451814275033)
(0.22755323382135365,0.7784644848798621,0.35775614879114875,0.5720428151484014)
(0.22623377610643194,0.7845100331811006,0.3556817150305029,0.2665067884767709)
(0.17257691269802167,0.7959206744772636,0.2713231124879614,0.2906140647303673)
(0.19461116730176076,0.795071842202089,0.30596507268399187,0.392810554038978)
(0.12897285757759064,0.785734747826781,0.2027694005956082,0.1886951203762673)
(0.1976912947995442,0.8236372496103646,0.31080760791360684,0.23883961932090647)
(0.2292835572154187,0.7955290046168355,0.3604765400737878,0.281270581433114)
(0.19824516227822167,0.7916902623328425,0.3116783909509856,0.33980810432418784)
(0.2020869775876701,0.8003239323856371,0.3177184415641717,0.2210280952569314)
(0.1816786276289115,0.8144653761619083,0.28563270689094145,0.3189356899070291)
(0.2316081921554957,0.778858477236029,0.3641313000151921,0.2681427323788772)
(0.1937769115713148,0.8087396071927863,0.30465346698971457,0.2783449086775089)
(0.20918870415992039,0.8060879884543968,0.3288836810362271,0.26944833085920367)
(0.1879254660485376,0.8013380408458678,0.29545390265070176,0.2550562875701717)
(0.22340329290993455,0.7905314170374016,0.3512316672302947,0.7196596269216046)
(0.20122899458164187,0.787980071814522,0.3163695321647742,0.2639890479123137)
(0.2094888468498747,0.8054750033878492,0.32935556135646094,0.36380878814017203)
(0.23039745139527407,0.7964843061497161,0.36222778959572954,0.4545982157219913)
(0.22420109838542746,0.7927048270104544,0.35248596632156104,0.2098911454169121)
(0.23783058776557742,0.8049342550975381,0.3739140671169132,0.2594208599179897)
(0.21143057988178737,0.7934548284150009,0.33240832804235654,0.19190861927522332)
(0.2301609608176082,0.7950258050897752,0.36185598227455756,0.6050199155609289)
(0.21244688203116874,0.7831739198340834,0.33400614468009454,0.25855388146828934)
(0.23112719004694543,0.8061762323451657,0.3633750749375452,0.3018740908499121)
(0.20738128580210913,0.795177747553142,0.3260420820833745,0.23791803473811887)
(0.20070933573032082,0.7960779829881527,0.3155525314734995,0.34540207820640295)
(0.21370777618973882,0.7857992858533904,0.3359885056012205,0.534062597268826)
(0.2052879403858393,0.8021908255502366,0.32275095243587304,0.277367033212686)
(0.1965387679261027,0.803255669447728,0.3089956205878436,0.31091734284648465)
(0.20101423666710966,0.7996254181784836,0.31603189264572534,0.274627952589022)
(0.19522739388235738,0.7920283235556779,0.3069338958668347,0.20989308603732626)
(0.21996414979167644,0.791896198686675,0.34582469244699837,0.23978979196908967)
(0.19252896727725205,0.7901685959337439,0.30269146567225463,0.2743261957763345)
(0.1633954295122515,0.8083526246708742,0.2568881075022244,0.41280781434559133)
(0.22930088022652748,0.8048570201049942,0.36050377508001324,0.6361071396608042)
(0.18047750647496794,0.7999061584669653,0.2837443202877267,0.2754119665798186)
(0.1632160734940162,0.811959596231053,0.2566061263707379,0.47078099036784143)
(0.19887198544667595,0.803554859851544,0.3126638739474405,0.3265622524525932)
(0.18957921184517484,0.8070780685762818,0.298053899659529,0.37301969254371636)
(0.20645355788338773,0.7950598562700925,0.3245835206656609,0.19597172259962695)
(0.18365915695943769,0.7927306142604392,0.28874646859829306,0.5493847129894757)
(0.20408040787685494,0.7926373999501175,0.3208524859860685,0.2900908874989991)
(0.20641742338986072,0.8192100137238527,0.324526710498538,0.3247938582705932)
(0.19452307423968704,0.8032304239206364,0.30582657395077917,0.2425122490259833)
(0.20175192111829193,0.787288144485122,0.3171916702671907,0.25054038417498964)
(0.19628314844447894,0.7986515804187285,0.3085937390598777,0.33237387717989286)
(0.21631349934149827,0.7983809899096866,0.3400851886671322,0.6957622438436876)
(0.1975637907305952,0.795092327953149,0.3106071477228358,0.33306702006330463)
(0.21469208296747183,0.7945412942445025,0.337536019543858,0.2971666296698567)
(0.18932151268221234,0.7916348106166151,0.29764874848439543,0.6343801232366845)
(0.18112518886570822,0.8008820040852487,0.2847625978742936,0.25303748693754546)
(0.23242607440080595,0.8047439547662317,0.365417163535271,0.5474765654326202)
(0.21922903012059647,0.8116927045317468,0.3446689471384845,0.6449879671509511)
