(0.22151608031589043,0.8059235712324193,0.3464490224632,0.3159365435536875)
(0.2010069418635316,0.7982301547154917,0.31437292686666535,0.2691207224794558)
(0.21571503351363835,0.7860021541325012,0.3373762409701476,0.3112623156188389)
(0.1937054481215495,0.8011055921822,0.3029534607682062,0.31999678570919354)
(0.18214018513564345,0.8149958310154547,0.28486550051591586,0.6482003029307016)
(0.2424044777494894,0.7860727664296494,0.37911827546448673,0.22440529654975375)
(0.1683120138809772,0.7823350333147728,0.2632383734612973,0.3391888414409868)
(0.22790006292681295,0.8048945913858969,0.3564335099632594,0.45654999485274667)
(0.23455971052175842,0.7611765793964613,0.36684913485120463,0.3243781000359234)
(0.17375757834702138,0.815692901280208,0.27175518399410814,0.30419100770896484)
(0.18436782855258757,0.785097869633953,0.28834951342864124,0.20635501640625836)
(0.2166372693328998,0.79395025142654,0.3388186089355254,0.3793016750959484)
(0.21028488516974095,0.8060450418663194,0.3288835411043381,0.3522096611303092)
(0.19800616841714302,0.7874890382643677,0.309679746012019,0.36983849766155286)
(0.2215164224258847,0.8048708926145167,0.3464495575199458,0.6720526558304847)
(0.24182750511607642,0.8220744675150671,0.37821589580631976,0.24607131254270065)
(0.1636072693155838,0.8031802247965951,0.25588019813923846,0.2735209759332088)
(0.23726466837332422,0.785870094511971,0.37107966295617445,0.32982521410217913)
(0.2126864799069198,0.7919253590622545,0.3326396122115095,0.2192901550511209)
(0.19335248368563396,0.8241146401097911,0.3024014277798433,0.18346281110770632)
(0.21610443113851066,0.7953735806527796,0.3379852551161822,0.28932941193778117)
(0.2325851089026266,0.7906592606482759,0.36376087688037506,0.39576621423301855)
(0.181456885831092,0.8044204884462799,0.28379682696511066,0.2340638009886769)
(0.22320907810947405,0.7820785389752801,0.34909685475502716,0.3390783082678232)
(0.2118158025140876,0.7703182535578007,0.3312778811299674,0.3626734890270546)
(0.19943368051837143,0.8289748604410527,0.31191236123038013,0.5968778010590445)
(0.18629616398007162,0.8049074902725742,0.2913654115200137,0.22275982816500084)
(0.2457855621133034,0.7902237266206319,0.3844062589419776,0.2865505626843136)
(0.14013726936307552,0.8058735934908035,0.21917334358871327,0.278338945195983)
(0.17161221888160808,0.8260318655507355,0.26839986239142943,0.24798670132685463)
(0.2111373213839666,0.7928609827017987,0.330216743157704,0.38495215296045365)
(0.24380675773265809,0.8205405599012521,0.3813114278924987,0.2560121096487117)
(0.1831207341845993,0.7958864112255908,0.28639906981257157,0.46140354105974357)
(0.17857536251917214,0.81688268912432,0.2792901521756509,0.42955295272059907)
(0.1897967141113363,0.8165213286992552,0.29684023831060435,0.19326896470361848)
(0.1870445570575711,0.823106849341405,0.2925358911066341,0.2512068925801391)
(0.20530573174687608,0.8048886654933028,0.3210961929642578,0.4355696148753116)
(0.23388255115830417,0.810386479958488,0.36579006410931547,0.3218123780517137)
(0.19752197068101396,0.7942360891585452,0.30892246540231516,0.28363231017767954)
(0.20659016887045606,0.7832643493345843,0.32310504029148185,0.37632973752754445)
(0.18292170583558137,0.8112304411284957,0.2860877913859156,0.3926844326464466)
(0.18035718417920893,0.8472450748715605,0.28207690414166253,0.2438447537003296)
(0.18511122329129215,0.8117945483869339,0.28951217566138393,0.4267129139546577)
(0.1771537712204908,0.7858964805644866,0.2770667970356177,0.609181135876868)
(0.21728525114429847,0.7784005449287486,0.33983204626618263,0.35302759299434106)
(0.21023130770435336,0.8123470757195999,0.32879974646295984,0.25905220913499893)
(0.1890247455243612,0.8622850603865726,0.29563288685355243,0.2936316471183858)
(0.18903415462029408,0.8293341695226547,0.29564760258923883,0.34661572175252503)
(0.17837876045901627,0.8175879066679512,0.2789826684414763,0.3517407096641141)
(0.17407978574669977,0.7860320128328,0.2722591132731465,0.26619210183313374)
(0.23215227351421008,0.8133148099385323,0.3630839264892769,0.21369938822116308)
(0.1584619853778534,0.8172518857844392,0.2478330234692087,0.33612366344241884)
(0.2009451062806016,0.8424114711187476,0.31427621660875094,0.5118194270113228)
(0.2086514915424362,0.8220791410322962,0.3263289291562106,0.46965768327076257)
(0.17322085336615953,0.7804147211531551,0.2709157512780453,0.2737619354479612)
(0.16913862378048475,0.8405104647705794,0.26453118340644627,0.16746301341418213)
(0.2241769413622815,0.8029843592143409,0.3506105835883246,0.350648108150858)
(0.15344640530978765,0.8339757171385033,0.23998870440582812,0.18128936263037002)
(0.22086243550738266,0.7936310314771096,0.3454267282594441,0.38542306487534245)
(0.16313212561674678,0.7849753802395794,0.25513707795691626,0.21539075069339328)
(0.22986970923784486,0.8095032831156992,0.359514017879805,0.3209812431644594)
(0.18301015269373275,0.8002245432587805,0.28622612142273635,0.3927602465047625)
(0.220562998727636,0.8351022781325479,0.34495841201131966,0.5435386221515554)
(0.23144572730003163,0.818888521460355,0.361978894995048,0.19781446081439427)
(0.2373079779161465,0.8223761308456938,0.37114739866526025,0.21890568825606238)
(0.2103639357072729,0.8151385717212418,0.32900717538594004,0.18236627979952577)
(0.22248626735637073,0.7805795965096796,0.3479663856781031,0.2887322566960928)
(0.1871425947297724,0.7974809199773215,0.2926892210845313,0.29671473219156463)
(0.1876418710421955,0.7839847492245445,0.29347008444276407,0.2562323289167208)
(0.19267838297810838,0.7652438822906419,0.30134714074645524,0.2879403249367242)
(0.18866784147137083,0.7899455970618011,0.29507469234191547,0.3411792941273257)
(0.1560168567522765,0.8004915577915728,0.24400886577862532,0.1911775048777586)
(0.19500128798556718,0.837091131309661,0.3049801418719778,0.4265085454408521)
(0.16706772046241364,0.7924140621558977,0.26129231050323126,0.25088623050638076)
(0.21173198217457304,0.8116525892353884,0.3311467869238676,0.3361302520767233)
(0.14776041756885683,0.8450541981477315,0.23109587417980543,0.19905479377587515)
(0.17262184956175533,0.8112038046586243,0.2699789150800066,0.221376719886969)
(0.19687669676132952,0.8321370041967223,0.30791326318829587,0.1912822174586654)
(0.16084702619797808,0.7687177835432276,0.2515632044090696,0.31380275304454736)
(0.21176208860146295,0.7787285871815472,0.3311938730864207,0.4080901168717481)
(0.14841147858291368,0.7946072335318919,0.23211412735385148,0.17402464388605948)
(0.14086535018984425,0.7975981272122129,0.2203120550102431,0.22085238808615756)
(0.25297916503516393,0.772559392914154,0.395656984833809,0.3481089125658654)
(0.16893145579355384,0.7734546972607556,0.26420717466425686,0.2194685414095435)
(0.2199864574573956,0.8109753116957559,0.3440567070010123,0.3095791764410986)
(0.18494596611943667,0.8002278574613304,0.2892537150315158,0.26562842094557787)
(0.21548839671979425,0.7631538429386577,0.337021783200899,0.3225230965654929)
(0.231623317725199,0.7672981473745665,0.36225664471466346,0.21547455148763645)
(0.21663742665996347,0.7893673369223321,0.33881885499354214,0.39095860306411173)
(0.21315966298307729,0.8084459936422952,0.33337966599878815,0.39068134476071803)
(0.20419869798540558,0.8085066272651324,0.31936480279182294,0.35800229196452643)
(0.18075741445390664,0.7935671648957112,0.2827028604480014,0.19468862618397717)
(0.18567375806878195,0.7927350265336988,0.2903919746515293,0.24961897920102732)
(0.23911227104211813,0.8100526346494983,0.3739692957882074,0.4691391980422271)
(0.1609134331019888,0.8207792972274109,0.25166706416925727,0.3404040861890229)
(0.25529198484160387,0.7670216997193423,0.39927421280178316,0.44233344589150797)
(0.19402405516147156,0.7902045227577087,0.3034517591191588,0.41604935816212474)
(0.18808580205318803,0.7911026926958388,0.29416438828102326,0.21978000161115785)
(0.20564483879013618,0.8249916511061562,0.32162655312357585,0.2072526388803604)
(0.14065130683338378,0.8385613868294083,0.21997729325613152,0.1745757203493624)
(0.19197706399829684,0.8089559225256899,0.30025028459658065,0.18406424685869502)
(0.21156095332000796,0.8321242085723668,0.33087929943766536,0.23164392959730407)
(0.17292004200247815,0.8076717148173215,0.2704452851938467,0.17655025841835018)
(0.18482149291627775,0.7988551353717518,0.2890590401370532,0.24307340789232765)
(0.17722787958832098,0.8431262427476423,0.27718270181126425,0.31357373224380547)
(0.16629859801377103,0.8003061763261721,0.26008941037920075,0.5877693112622908)
(0.1471646408969059,0.8072863355322535,0.23016408518593448,0.37599109209879183)
(0.19733968641009855,0.7924627461186894,0.3086373745530233,0.18036495036393752)
(0.20809541643466217,0.7950699598515804,0.3254592330274704,0.273975359617497)
(0.1833808345189494,0.8269835875953973,0.28680586423783155,0.3428738396752862)
(0.20846888645679734,0.802538066780538,0.32604333655577195,0.3627035484815656)
(0.1980623982962867,0.8108708813875543,0.3097676890030414,0.3643934292825741)
(0.2351038366453434,0.8210477824109434,0.36770014288341557,0.1978307114981334)
(0.1451271039353204,0.7895087112715545,0.22697739694385613,0.1893408153880985)
(0.17773670114373463,0.7976738317893307,0.27797849383787415,0.26478390618089304)
(0.2540290445533098,0.8128422454027566,0.3972989863185188,0.23996697737196465)
(0.2316183279060267,0.7860563533317215,0.3622488406853937,0.2090627695763382)
(0.18703142562134845,0.8087012003815236,0.292515353666479,0.2746403917792197)
(0.16568787970239396,0.7857793635253119,0.25913425280474733,0.21645012474974962)
(0.19073799871517708,0.8396297130783287,0.2983123983921445,0.30616761499630796)
(0.1554479058615248,0.8226209406389483,0.24311903204895022,0.31339748274846585)
(0.1592418964880913,0.8309092032505504,0.24905279695637408,0.18978204357277464)
(0.19022255376351654,0.8119780692319372,0.29750624743740695,0.2766944599972586)
(0.2159024324607676,0.8046172356957165,0.3376693311239233,0.6320293780073253)
(0.23763408453693566,0.7692791436800008,0.3716574262886729,0.4063595047385986)
(0.22353078849081118,0.8153203635154375,0.34960000670215247,0.25401123051074703)
(0.18631701397610845,0.8240297145024864,0.29139802071359916,0.46001244427865)
(0.18423933714603197,0.8025097120977774,0.2881485541026517,0.28999069151761386)
(0.17026778594019742,0.7693978299979899,0.2662971821812396,0.3404942600639784)
(0.1984245943441685,0.8225878441552442,0.3103341601438712,0.17308120326069718)
(0.2010808258968479,0.7713148909340195,0.31448848078528635,0.263213658302922)
(0.17464009301919423,0.7918100575152753,0.2731354284668692,0.18866739773442573)
(0.19992463894221305,0.8167568620072164,0.31268021549074554,0.22895755702491302)
(0.1980961845764872,0.8238317845860196,0.30982053042083574,0.23159000845269737)
(0.20752742811723854,0.7789136108752978,0.3245709047532371,0.30377593250928975)
(0.22312796043253685,0.8105638953507034,0.3489699874872455,0.39140998711151714)
(0.1931784247509027,0.8837772874528592,0.30212920127735804,0.213324194133378)
(0.1750600297465889,0.8027532894247803,0.27379220547599115,0.2554455011794511)
(0.1843715858028268,0.7878206357398926,0.28835538973193564,0.18663232701886712)
(0.19382476909429006,0.8191993667356752,0.30314007762376977,0.3839975573180969)
(0.16102704127629086,0.8001275329880183,0.2518447462629213,0.2626535344783605)
(0.18182331776069935,0.7942714356696233,0.2843699229842833,0.21181632494139316)
(0.19847581349772964,0.8064482352244727,0.310414266408199,0.32568842757981076)
(0.23041560484534232,0.8325515532675299,0.3603677933678633,0.24116014226003105)
(0.2146048357520462,0.7896849949921488,0.3356399023319055,0.26215975134322017)
(0.19334182965868527,0.8155423320700772,0.3023847649840029,0.28217397918362264)
(0.2054282219525707,0.8011222785939205,0.3212877664697284,0.30741884263143543)
(0.16197111930642272,0.8207618940601734,0.2533212752363563,0.2795005243876884)
(0.20662781618036044,0.8019985671434565,0.32316392032265673,0.22166186059475063)
(0.21095556817861785,0.7963158382052546,0.3299324828898587,0.3092709706458605)
(0.17673964574463744,0.7933901522180539,0.2764191087681028,0.3218528624631811)
(0.2070949376156862,0.7893373829154544,0.3238944937618826,0.29428548186417847)
(0.20115744780517628,0.7943806592883712,0.3146083167141353,0.6643712603075544)
(0.19651242322935966,0.818082717692912,0.3073435428823018,0.43591148962105336)
(0.23207179964321495,0.8178725594870657,0.36295806612780634,0.24380360231192055)
(0.2436120946226599,0.7763834801556966,0.38100697665775163,0.2532017231827924)
(0.24484613182579618,0.8114424415938283,0.3829369989933767,0.3082511574068768)
(0.17643702061787772,0.7789514856226245,0.27594580597586665,0.35369428920583895)
(0.25916546499300736,0.8170042149276937,0.40533229856273856,0.2731372716588084)
(0.14095691858240417,0.8154294750531587,0.22045526709690366,0.30439736255089256)
(0.18042936237409138,0.811951551406279,0.28218979014535367,0.2970386332174609)
(0.19914594604851724,0.781573642124775,0.31146234728255384,0.18813342182820095)
(0.15848815884916453,0.8133188566662092,0.24787395852700353,0.23436726979674247)
(0.2191615587233496,0.7749420103841091,0.3427665733022135,0.3482103213282339)
(0.17509982816952338,0.8174427526470429,0.2738544498272887,0.24918531626861862)
(0.20056032871567087,0.779097986222324,0.3136744281921,0.4043541767808131)
(0.18002365720681618,0.8145928022020927,0.28155527115959733,0.24548049479637535)
(0.17849249581960394,0.767051243072442,0.2791605494532697,0.3205501650436959)
(0.239493067552214,0.7752212410286392,0.3745648578733255,0.3011018212787649)
(0.1554665262654872,0.8023212950854836,0.24314815418194144,0.17686746959504884)
(0.24240747816905897,0.7886560959543556,0.3791229680918814,0.3910593906456294)
(0.28290964789079,0.7949321420023265,0.4424679726067782,0.5282611974969661)
(0.20537107078855912,0.797556892130737,0.3211983825980193,0.2549839809829761)
(0.15282728719842495,0.8142688611441296,0.23902040962485785,0.26667896022666765)
(0.21634397878758102,0.8082077213668176,0.33835990533902577,0.42440893305019245)
(0.21134382949733044,0.8337920541233957,0.33053971986397107,0.39982026017046224)
(0.21274596809933766,0.8434850102346314,0.3327326511732042,0.47217263675849347)
(0.17693551300117205,0.8164852816852968,0.2767254432764698,0.4894994041706174)
(0.15549868425658034,0.7921879396378065,0.24319844897120776,0.26063005158426417)
(0.22154389576294675,0.7822399361101157,0.34649252555529286,0.26452410526725456)
(0.18263408769886796,0.8328154525691528,0.2856379593820044,0.3121671294037899)
(0.20404149755829898,0.8139167238681834,0.31911894283337566,0.358003540972456)
(0.2428171175389804,0.8031457857856584,0.3797636401327975,0.4039789615611895)
(0.1878100516439587,0.7926687627538924,0.29373311728893503,0.24249233964314998)
(0.17245489886954415,0.7617285263883621,0.2697178058005645,0.3287322977354677)
(0.2141657736568239,0.7887247466192943,0.3349532134311562,0.3043152649195482)
(0.23936707190328466,0.7983713077366565,0.3743678018882975,0.38217427523355085)
(0.22597991210793691,0.8265807019616357,0.3534304125211556,0.3309070026293995)
(0.21659380624160782,0.7571706876298511,0.33875063307810743,0.4427643572011203)
(0.15222658741704828,0.8612872812960539,0.23808092093512015,0.21981042216205185)
(0.1987055640558192,0.7993205747576948,0.31077359407482713,0.4010729095375637)
(0.21432498775290332,0.7891361985103599,0.33520222274854033,0.33588280324547365)
(0.1815948602087597,0.8133114349726945,0.28401261756685736,0.21939247286189648)
(0.2045376926624404,0.7691195336979006,0.3198949872114437,0.26952801663869463)
(0.18525723886259654,0.7953297340322047,0.28974054261276133,0.23816745538757567)
(0.19643611499110045,0.7699297991352512,0.30722419753042896,0.27836099855384966)
(0.15534064730176725,0.8100460675689697,0.2429512806914604,0.22207626917200415)
(0.22828868925854776,0.7710705879161434,0.3570413178142334,0.3328207432841401)
(0.20607239333521105,0.7634294834654685,0.322295244326398,0.20623664452606782)
(0.17046812587425805,0.7711816181566921,0.2666105119143076,0.3737714422335724)
