(0.1409923583679123,0.8465690898909518)
(0.19444374702374637,0.750264349123138)
(0.23820743972823238,0.7782854356106528)
(0.24353404427665393,0.7370927571595587)
(0.32593322572174827,0.6792606899697423)
(0.24663395038217487,0.7274567094677074)
(0.1925723238831705,0.7707523025387477)
(0.11031878958060483,0.8675501828333662)
(0.19689637241973543,0.7541990660736559)
(0.23014817114295738,0.7886503054788978)
(0.24712524208064976,0.7087948565882377)
(0.20597247243288538,0.7916072915504522)
(0.12933524484261488,0.8078820964801514)
(0.20562403223251638,0.7715899426184855)
(0.20141818909069412,0.7745517011261377)
(0.104943153498404,0.8650621925164768)
(1e-09,0.9823582500822688)
(0.22727083073922813,0.7724574417374082)
(0.16485438334938754,0.7819195253007506)
(0.15191729966911924,0.8778711395626976)
(0.2047519073772738,0.7776704071787656)
(0.08022275378942634,0.9570528017307341)
(0.07379602627913565,0.9010304970791437)
(0.2542302132700383,0.7345826917658914)
(0.09197236952979072,0.8895332782641613)
(0.12374009045551325,0.8931768284070265)
(0.33521947671040603,0.6430193424389095)
(0.26604742607904974,0.7625080913600766)
(0.17892766736792148,0.8506227344611212)
(0.27793771854105787,0.7159477745711402)
(0.2962201308871364,0.702806881945229)
(0.14771106148199006,0.8815419060692723)
(0.23644361110367598,0.7901124928815243)
(0.2008754072328611,0.8028733011865091)
(0.11945457431454772,0.8433672198828507)
(0.14008694296321167,0.8649396624687851)
(0.2831272357327298,0.6974216035253185)
(0.1464435160479949,0.8456333113420628)
(0.035331366445522476,0.9810809176424101)
(0.14385277470122185,0.8488241826712845)
(0.2723148145896562,0.7410047088014781)
(0.11532808298105746,0.8873277042872945)
(0.19809902220742887,0.8133381407656014)
(0.18150707834918928,0.8120083781800077)
(0.3656360951045021,0.6354626180558219)
(0.24014942755053054,0.7697235041501279)
(0.269447944792051,0.736405476978079)
(0.2216411896372481,0.758417175360009)
(0.21400864199427624,0.7996836217398747)
(0.1959959587398635,0.826118973154322)
(0.3523311357612927,0.6669312124068436)
(0.23147381715397253,0.7539141263053367)
(0.1421355537841929,0.8653846318688672)
(0.24904179635032847,0.7539452530031466)
(0.08851873208470037,0.8681152663295184)
(0.21409803021775126,0.7877177477833226)
(0.18416248753504258,0.8467839251865308)
(0.11626409215539102,0.8631966851205222)
(0.1856664725439095,0.8484558534311145)
(0.2286639869061229,0.7460099499279399)
(0.13552107314427678,0.8565312829614158)
(0.2476233010545413,0.7311788711277493)
(0.16762079090620183,0.7903521097092875)
(0.2645979704143382,0.7564237998243478)
(0.25688806829497174,0.7757619469798753)
(0.23082622294070734,0.7627338048962495)
(0.22046701205048277,0.7720340761420043)
(0.1555010067033808,0.8440468485203894)
(0.13145009709635025,0.8416311048860042)
(0.22696763421536928,0.7859167307194402)
(0.17565106451341098,0.7954029737607181)
(0.21221765130056375,0.7815884429965348)
(0.22478847899392687,0.7925683283498463)
(0.16138323619097752,0.8944993633003737)
(0.1360187278624352,0.8564574315812864)
(0.2574210174906179,0.7658001218827563)
(0.2662828461654878,0.7678952602552493)
(0.21015946672558414,0.7823319146540141)
(0.25104191995964165,0.7542146317028381)
(0.08252677861909923,0.8627695372043661)
(0.3633192205758554,0.6534537892608827)
(0.18960698990039423,0.8175714550089915)
(0.056056718923505805,0.9577717244733375)
(0.20062947656919042,0.8172071709401554)
(0.18825249818704073,0.7949146526634945)
(0.2845492285990819,0.7479655751553629)
(0.21032719632618496,0.8182673345376313)
(0.23916901687076153,0.7864296021699471)
(0.22243148337220178,0.7794869661740481)
(0.15554192663612437,0.8137499641287984)
(0.17472582969152184,0.8157516773131712)
(0.2109888386058863,0.7771543375032637)
(0.20298689071095177,0.7648236767424682)
(0.21660884695230845,0.8045077241286601)
(0.14757239909492328,0.8660852538793018)
(0.0931699236668939,0.876857998692075)
(0.24155385026585796,0.7772350432403551)
(0.1839462938723225,0.7934111789289271)
(0.09948150958305664,0.931489760911853)
(0.19901277398737566,0.7954766013573562)
(0.2788643250925318,0.7575796615590515)
(0.24320828361114416,0.7754969637298731)
(0.18490813461872554,0.8186028595773369)
(0.25789906681122277,0.7472584019461236)
(0.22870314931731336,0.7636912603436016)
(0.2279971217131148,0.7647492774381254)
(0.08886023453001335,0.9001473766770272)
(0.26427811543736623,0.7386058361492263)
(0.29129672828580444,0.7082993294558129)
(0.2251126067044262,0.7943106038757874)
(0.20780350459617256,0.8053204206656337)
(0.3453803969786948,0.7101316514053961)
(0.2514642581292287,0.7875334689410904)
(0.24197332053164644,0.7868257340985129)
(0.10483009572406335,0.877225124917023)
(0.2024456692807739,0.7963133144754959)
(0.1251748435964327,0.9073850525614016)
(0.19957877894306894,0.8206756895394522)
(0.11921535921847594,0.8959947981138767)
(0.10280752545194644,0.9110874531372544)
(0.15941289762708036,0.8258355597779996)
(0.09082985113026992,0.9037621523807908)
(0.2550800247022488,0.7576549315649911)
(0.2824209550183119,0.7446455342669801)
(0.12741648703104264,0.834062849942139)
(0.2212897009265187,0.7850497612073771)
(0.14349458201934093,0.830389176801076)
(0.17053521669841093,0.7851385954451657)
(0.15874499679011578,0.8333765187789745)
(0.2373785332006212,0.7926179856369125)
(0.37936243560051774,0.6635597484529122)
(0.14712321485061366,0.8504016986410137)
(0.13000042608906276,0.8386451855042695)
(0.27100310559040625,0.7548313240341418)
(0.19483198948984023,0.7463710205583665)
(0.1994379103428244,0.7835310844455429)
(0.12835732739198838,0.8337027305972978)
(0.30602188029147087,0.7144841012137788)
(0.3418457798174364,0.6605101151190604)
(0.14387071813212185,0.845880991415007)
(0.2821913921103245,0.76516681698588)
(0.053074794583261115,0.9591576467676842)
(0.1628588177623849,0.8456982433054293)
(0.2668341312507888,0.7133408613533322)
(0.20368103455915818,0.7477323500979427)
(0.26430872087065205,0.7926496448227827)
(0.20221779886327204,0.8150964041876014)
(0.15630023600467502,0.8138888969791025)
(0.2588565523887412,0.7776360293298659)
(0.06779479537443768,0.9258559265698308)
(0.21131341519701438,0.7771112736740994)
(0.2766991384768804,0.7389209549807213)
(0.3486273578814517,0.6611369281663068)
(0.20341266830503488,0.8031369680213619)
(0.2617713621090264,0.7370784900904379)
(0.36449018999450056,0.6518944360833209)
(0.1114527033926602,0.8935077086257687)
(0.1339118688598055,0.8581746198587096)
(0.22795453077054728,0.7754312864484731)
(0.15169010847853104,0.8164520212262485)
(0.16873010193987173,0.8264654386686152)
(0.2160759880978952,0.7811155017727396)
(0.2523815379404267,0.7548932563908911)
(0.10246488569598604,0.9275438482392561)
(0.18282428528062145,0.8483999074620119)
(0.26092055828371113,0.7919177186884042)
(0.1679323920733104,0.82248550980677)
(0.19364937735291712,0.799438924419907)
(0.23906639100130017,0.7656933534036217)
(0.1521568621965395,0.8377722632439584)
(0.26987970389862176,0.7551719792872925)
(0.2038670079651375,0.8375588178746488)
(0.2943625917938084,0.746917307925966)
(0.2655336309280629,0.7090604506428139)
(0.22499868449180913,0.7426438162094393)
(0.12236656708965318,0.916741287028807)
(0.00097736437122456,0.988909287660109)
(0.11882499432669175,0.845801453430399)
(0.16691745912657552,0.8130523750750711)
(0.28040018523841687,0.7450094348746652)
(0.2869256955957318,0.7417045090029736)
(0.17758661822809207,0.8149630560231449)
(0.1393015283886449,0.8335936012848293)
(0.12279788335243781,0.8881089608074781)
(0.15790534667533537,0.8625013189080287)
(0.09014088004504327,0.9414930254117936)
(0.19704000123488005,0.8413047059623802)
(0.23575467462316782,0.8050526557952545)
(0.15968011881431804,0.8819633782516043)
(0.2983071221669944,0.7212336113390999)
(0.349840297401729,0.6483540657925598)
(0.28251715627573065,0.6751617986979013)
(0.2753294035277603,0.7170631622326923)
(0.4018257243037115,0.6314045279085315)
(0.2809325792505576,0.6852539972290842)
(0.19027028364655998,0.7866264238596631)
(0.1598931585352794,0.8322465225369962)
(0.1468712375581053,0.8105274635135081)
(0.031281502554939083,0.9562011053697721)
(0.12482308696627623,0.8484278823037331)
(0.3684800140107907,0.6483490020302631)
(0.22797826866890225,0.7788207214611659)
(0.300172306285382,0.7470913580692938)
(0.1377785848916705,0.8431365204633439)
(0.25440222734970264,0.7742267726689152)
(0.2198377095636028,0.7520374686530019)
(0.17899571808920864,0.8445165924237912)
(0.13611250681815412,0.8582330637100143)
(0.10136793029237003,0.9011678925025559)
(0.1767230635234915,0.7984507702719479)
(0.2145932798387081,0.757442241862441)
(0.2008632201761065,0.7987637100121777)
(0.3957412618427804,0.6361695776125357)
(0.35058157170052023,0.6471240710398268)
(0.17798782210286435,0.840353262322335)
(0.20531134487187916,0.7953946781501963)
(0.18874087591481806,0.7809792129671612)
(0.2656423056065144,0.7145750180894235)
(0.16331467651821185,0.8408715079379769)
(0.11742000140653348,0.8984578270726749)
(0.22531855955870178,0.7667435118484938)
(0.24659393626177936,0.7365205022694112)
(0.2049104575376406,0.7516335530653268)
(0.057921931446370645,0.891894057168855)
(0.262710843249429,0.7663486544493203)
(0.24008957291107752,0.7582727164635144)
(0.12405778615343649,0.8908005487915404)
(0.18676165874957415,0.8134186574062621)
(0.15594069115863646,0.8602719346076931)
(0.23214917804633461,0.7673801846851704)
(0.09257459082435478,0.8672227002902826)
(0.20608504176283143,0.7960994136793228)
(0.25282322059166146,0.7469034346848253)
(0.1589104498270722,0.8325479871036435)
(0.24600195273607975,0.7819068672834003)
(0.1481957350492432,0.8522801049456888)
(0.2080922317685381,0.7888516137366397)
(0.21933428166338048,0.7671238508130285)
(0.14540116768346298,0.8461238367039285)
(0.20767283422531488,0.7981695097685197)
(0.0831089815016039,0.8951831230909386)
(0.1851978937953985,0.8058652158108442)
(0.18727957226982872,0.8097816832295635)
(0.22121420775435932,0.8026300782260539)
(0.2558070721633622,0.7890015134287497)
(0.32740630390071473,0.664223738760972)
(0.19746196564551072,0.8098542126802385)
(0.15691684781347662,0.8310237433098234)
(0.24691426661284158,0.7715114138320547)
(0.2959620188359038,0.7313578913925866)
(0.14361740613762322,0.8239713418503557)
(0.09679680044870358,0.9162489815593841)
(0.2842609593092098,0.6970326945402336)
(0.3170750403645138,0.733737248082595)
(0.19360067516906582,0.7880421493933044)
(0.1448814331769449,0.8102908321814254)
(0.31159613701973415,0.6899967549822069)
(0.06223103614380005,0.9051073370352976)
(0.10523832149089277,0.9251766228401991)
(0.20580458203510527,0.806809579520009)
(0.2332729482940252,0.7988100541910097)
(0.19809053842395674,0.8344221189877087)
(0.12797336206823157,0.8851297731057958)
(0.11479393927170548,0.8396923990143796)
(0.1929086616987043,0.7607437943450146)
(0.11449751996402742,0.9025519287503198)
(0.08219585127886124,0.9335362806078096)
(0.26102890836523407,0.7636862921155839)
(0.16765150769015655,0.8307158330155309)
(0.24381476737861535,0.742529858677376)
(0.21959269324467692,0.7878540971395507)
(0.2579166921421633,0.6967900561364424)
(0.22688011952098353,0.7786885910213501)
(0.2687308118485976,0.6985935418145356)
(0.1425749209386829,0.8701675443273635)
(0.13390809407334772,0.842031429288636)
(0.3091485341870292,0.7250639636817019)
(0.3054050865687107,0.7131306133976267)
(0.2378755445255483,0.8026234494141834)
(0.11228491406031053,0.8731938076694762)
(0.28491216504724437,0.7007686591140314)
(0.15239761531999874,0.8402851676529044)
(0.1827875351088196,0.820722579953423)
(0.2827672642465066,0.7753150747714921)
(0.3370743233394712,0.68061417501019)
(0.2525856394684293,0.7731367753870607)
(0.2685703527935569,0.7047191278200728)
(0.15294540216615812,0.8168551148247448)
(0.12256573247081545,0.8352284864302664)
(0.07837754482474583,0.9197143246096061)
(0.1295737571422164,0.8665684737489603)
(0.2135754812055675,0.7680079405818026)
(0.14627987909978024,0.8731114616744922)
(0.220379255057011,0.7786516879281093)
(0.12637785177498187,0.9062831192829225)
(0.1978848889585813,0.7698695860765689)
(0.16669724012026654,0.8229716493971833)
(0.3597967694243993,0.6487606018347151)
(0.3100260869137935,0.7034229536279183)
(0.28037207597038266,0.7320280892934513)
