(0.2048081609560004,0.8120633998282711)
(0.20023351976907441,0.7862985149368051)
(0.17608466366383752,0.8063582059465615)
(0.22544153117492383,0.7741655619032787)
(0.2047046741748384,0.7931982639417883)
(0.1542176662221195,0.8402272865606789)
(0.20166391071264672,0.796779747788091)
(0.16484565793414396,0.8732757444508545)
(0.1944956576682666,0.8174310340975579)
(0.3331089385466446,0.6836108787352703)
(0.23930166028995045,0.7788659599779199)
(0.17896448465371048,0.7994329040814665)
(0.24083106590933462,0.766701818951789)
(0.20335742463272344,0.8025691648152573)
(0.23166495188493197,0.7538194862418035)
(0.19835794728953754,0.7804117413469026)
(0.18524083281536938,0.8034509574502051)
(0.200098399745458,0.8102524892626377)
(0.18559224609678368,0.8015011562349934)
(0.22834408497919792,0.7597393248158187)
(0.22972788818610682,0.7815114293714609)
(0.21631412315755846,0.8010376868614888)
(0.20266199038504049,0.8036854928762747)
(0.2554500490085986,0.7423320538379988)
(0.22096715234262604,0.7723441424056212)
(0.17838011278471913,0.8038505508950464)
(0.20025448035972693,0.8124942034822661)
(0.17625406425376813,0.8195628832666304)
(0.2117572121693281,0.7475169559055119)
(0.2653550884586338,0.716985223353011)
(0.1901348240310799,0.8319988159100826)
(0.3021230083336172,0.6951237263510418)
(0.2467971864056169,0.7814546132147235)
(0.22703917267428017,0.7778556745914772)
(0.24440674111461308,0.7583498725723612)
(0.24004289466150097,0.7881118221996678)
(0.15096134616170453,0.8672421959117058)
(0.16698556770670978,0.820161439841587)
(0.190469857887283,0.7879072770671209)
(0.12778979825681833,0.8593728703434025)
(0.22478059182836238,0.7897417238942159)
(0.17746651778387768,0.8337661152124735)
(0.331400108090123,0.6895986555695727)
(0.18283682636770565,0.8100302610620862)
(0.18820636459347675,0.808176341951899)
(0.16886037779615676,0.8291619792321321)
(0.16937680309835698,0.8175048016154055)
(0.1570125137888712,0.813645452965768)
(0.270126799735066,0.745124529765306)
(0.2266782980008778,0.7595296727026593)
(0.24157077090834078,0.7428100634597277)
(0.14154877782291503,0.8368819482204684)
(0.17406053135222707,0.8276081957345508)
(0.1833661851745367,0.8320991389780211)
(0.13481869431075266,0.8310136506980461)
(0.20954335642618627,0.8051748034550975)
(0.23253822565001064,0.7855230116367574)
(0.22528766298447522,0.755058653303539)
(0.2119736267467102,0.7973938747613731)
(0.18990151485297596,0.7822379612950664)
(0.2505721354109564,0.7649860042541565)
(0.23064981782508434,0.7910181814652609)
(0.15221971498280001,0.8402414902059395)
(0.19207199871030417,0.8078116385457197)
(0.26399839370059697,0.7445284508396849)
(0.2420418850261907,0.7772559251917842)
(0.18292012434607957,0.7866702875808488)
(0.158981964277953,0.8435311505917561)
(0.1545959900719006,0.850364283440436)
(0.19464771400991812,0.8398625641119476)
(0.0813791660634992,0.8896989879996557)
(0.15743922531299404,0.8267659247856285)
(0.194744920071185,0.8024816349482373)
(0.21027525834657335,0.7780319148824434)
(0.20685587113206144,0.783256250910337)
(0.20051817873013605,0.8319694601177713)
(0.2022832876376352,0.7895472952260258)
(0.21224631334016428,0.7991136755095032)
(0.18616000107109368,0.8007530720877787)
(0.17941632127763968,0.8224436753783857)
(0.2045316581629326,0.805123722162448)
(0.18222886492693685,0.8182083559745823)
(0.24687237075623852,0.7377796735957791)
(0.2004517071562526,0.813653540735406)
(0.11982840344758552,0.8528837818198873)
(0.24086141311055548,0.7583391904252038)
(0.1438646402190362,0.866845324370874)
(0.3394731275325171,0.7030669913171034)
(0.14863484989655198,0.821248735223703)
(0.17662375348011985,0.8316852651453936)
(0.13300385492047975,0.8551759446965406)
(0.18828817272173368,0.8133461974328173)
(0.2010299616370612,0.8075635074571056)
(0.12005860976642543,0.9024634631426751)
(0.17812795948840535,0.8121225872085696)
(0.2007976901876139,0.7679430750504931)
(0.206314659423637,0.800059207674876)
(0.2159634167323162,0.8014832385998678)
(0.24378720626599423,0.7730217465691352)
(0.13510752775644383,0.8542776351736807)
(0.3004457033389265,0.7007136792042047)
(0.10955017413931195,0.8888005864230264)
(0.16864802224987863,0.842113859495769)
(0.1357613745682906,0.8438070548574066)
(0.2375056054926641,0.7820131083094101)
(0.19629077680550172,0.812777698161728)
(0.18972483226893816,0.7824360526566962)
(0.17964466199039258,0.8110859257268511)
(0.27902298133646897,0.7201385453393873)
(0.1744347322312723,0.780312539378125)
(0.2580380309520073,0.7707636524172947)
(0.16464885933171117,0.8477585662615053)
(0.14711363956723877,0.8237211454480877)
(0.20159837549747628,0.7992762507245804)
(0.1926497378169589,0.8002749622001527)
(0.19044678128098338,0.8494812427382233)
(0.19233094039563242,0.8281397801069951)
(0.16426739680897748,0.8604471587236968)
(0.10154001590863186,0.8931001437766031)
(0.2552922125217238,0.7501378326444101)
(0.1787142899086268,0.815539079071268)
(0.20192905624684473,0.823707777336152)
(0.2707197665290509,0.7388522365471191)
(0.21404765860815242,0.7887020364817714)
(0.2854260123472352,0.7553772655438133)
(0.2415289312456423,0.7624109062902521)
(0.22991381771805308,0.7576745083777018)
(0.19400157672386192,0.8170981153365141)
(0.18665726468695834,0.8061702100726331)
(0.2478194062707836,0.7417299000110987)
(0.22502781280035872,0.7530816613657898)
(0.22846448704081407,0.7437587771203141)
(0.1802373703936821,0.8272549586832444)
(0.20749965861068906,0.804814147576624)
(0.14292481249233893,0.8636249673484738)
(0.17705250843884138,0.8107894775426652)
(0.24603138696071766,0.7437441394480142)
(0.22620772548044316,0.7642731157982766)
(0.2062556914765235,0.8179976885652724)
(0.15152090680579697,0.8123989069420897)
(0.1963053995381143,0.8184058976335904)
(0.22430039152195538,0.7504329626004165)
(0.19633658713153282,0.7594985698320674)
(0.22505785972181452,0.7614529097614443)
(0.19231269038493343,0.8029920436457558)
(0.2243670448456752,0.7631825721649202)
(0.15181272121016212,0.8535227874684691)
(0.24463750469155365,0.7706333506496502)
(0.22210865908105587,0.7687223602225366)
(0.23375591676355112,0.8208978059351185)
(0.15396401876999144,0.852327828153657)
(0.17485994134032365,0.8142183705859094)
(0.23673233465390348,0.7712820213783407)
(0.18127051214401274,0.8224760372134562)
(0.2195330429375886,0.7908278275274216)
(0.20344660913281923,0.7877519123730639)
(0.2166952972274823,0.7973010963208939)
(0.22850104147706243,0.7783574595880133)
(0.20258114963077312,0.8109142733039225)
(0.14473283334321932,0.8642482966745517)
(0.20522160010029525,0.7730848243676884)
(0.1851360996216431,0.7947066171090275)
(0.21482736673648978,0.7837743416208992)
(0.1717947738428478,0.8023012736693784)
(0.1411347000926403,0.836459898962703)
(0.11733214266236631,0.8616643132422589)
(0.2864502369120987,0.7428630720955197)
(0.15125942270693624,0.8190458145733418)
(0.2224681922479478,0.7877217029135068)
(0.24531723298961558,0.7704388940783264)
(0.2517069508223882,0.7658487582982831)
(0.23861253530966597,0.7920990187284823)
(0.12411107146771613,0.854069153165645)
(0.2076398743942664,0.8129871809453175)
(0.2039095374299821,0.8121520788518561)
(0.14029323218173614,0.8201756942553239)
(0.16803543019824083,0.8553922008355295)
(0.1539925737706473,0.8560161310032701)
(0.2374326838616892,0.7625213038812562)
(0.1629373276733092,0.8301244286299237)
(0.16409685905737445,0.8252761893712239)
(0.1452070048841118,0.8520973860723866)
(0.25599704080574703,0.7611086789633039)
(0.20333634974066708,0.7910380965586284)
(0.25978872416718085,0.7645579993974195)
(0.2199295213967107,0.7960933991066488)
(0.14656957003565724,0.8609022450471724)
(0.23474095684851912,0.7396072725624107)
(0.15925933457361718,0.8313680063989347)
(0.17443786392786498,0.8192917730677787)
(0.13646843906372316,0.8372194435690393)
(0.23114324025254138,0.7777375136077093)
(0.12964198746489153,0.8551572688989358)
(0.23768418585678056,0.8030377029136815)
(0.18909853294175255,0.7854060320134809)
(0.16517842655861747,0.8547795789801903)
(0.2280019305198906,0.778147121783647)
(0.15422098800384024,0.8577647775480642)
(0.20026907156780988,0.7884746029359019)
(0.2821065099329631,0.719336590869635)
(0.25350650455612955,0.747493491060385)
(0.26618976711627546,0.736649461265953)
(0.13477879124992767,0.8325122960294458)
(0.21199370351365474,0.7637434223669677)
(0.15949835413609673,0.8261236526876157)
(0.26520505835274133,0.7114694571923963)
(0.21361203568391535,0.8070684649703659)
(0.246841303410868,0.7414122202761497)
(0.2181536216118093,0.8191793515056517)
(0.1934616918987512,0.807802597863202)
(0.20304774051061344,0.8032670109283904)
(0.2581715919943791,0.7381780571436236)
(0.19311717084699173,0.8034097943871362)
(0.1620632666284998,0.83550934249559)
(0.2005970534982831,0.7961245801801642)
(0.2569047777631145,0.7444436483576938)
(0.14533991096955362,0.8688969732412228)
(0.2173070152079443,0.7933147394557107)
(0.1402694416316323,0.82883044034191)
(0.1960236420364255,0.7699465675761832)
(0.10058575436296176,0.8896667267438442)
(0.15395667983346395,0.8426601327110487)
(0.16951402482287206,0.838710289339177)
(0.1297240856080184,0.8701977774442538)
(0.1460293101360763,0.8402599119461599)
(0.19895823721137573,0.8223994727389844)
(0.18633040133406947,0.8225880759583418)
(0.26178596950658933,0.6953925010417897)
(0.21886663965228645,0.7568771279571536)
(0.19166254572174332,0.8032565723842248)
(0.22690599873947737,0.7457990565275099)
(0.3050052410677412,0.7210760982171178)
(0.2331048632060498,0.7712319407164879)
(0.18463851067319406,0.8090069936970812)
(0.13036769723017202,0.8548021287138059)
(0.2568472984247222,0.7313639624241669)
(0.23526438621564255,0.7447786542404559)
(0.14194463752420397,0.8227543319790545)
(0.20732036004825516,0.8130260629323489)
(0.14953776908218963,0.8331983593323916)
(0.17876679345650895,0.8167259298943195)
(0.19390625773193096,0.8225409193315284)
(0.2257504785193101,0.7762809961956462)
(0.21757310912589306,0.7769948916419182)
(0.12645585396837733,0.8665438069850584)
(0.26061994127970856,0.7329588776567175)
(0.19423194640995872,0.8064758124670102)
(0.1608062935772885,0.8225984764094271)
(0.19541503672512006,0.8071284465054284)
(0.15838014918675206,0.8402249679169326)
(0.2387557764896792,0.743379473878219)
(0.25933303496070265,0.7495751403942629)
(0.15226673647562475,0.8378431411725106)
(0.12474117202020106,0.8469391414696874)
(0.29107359693340157,0.7220359516981842)
(0.21267455755024495,0.803081310597273)
(0.22306966090619068,0.7719721168686569)
(0.1236788983272992,0.8827699217991808)
(0.23819475544367164,0.7771692731278452)
(0.18227425158714083,0.8241555605057748)
(0.13851617605833785,0.8365664166528128)
(0.1826913378350533,0.8374794628040731)
(0.18204058660588704,0.7996507086208499)
(0.16107496290602538,0.8185897912959018)
(0.18936342872324272,0.8052463159071923)
(0.2608990445083075,0.7435324417050243)
(0.16271398041856977,0.806479082706485)
(0.21462914445511197,0.8025152063701431)
(0.24489877715535532,0.7340197053824808)
(0.18235007116474505,0.8144034320007468)
(0.22643993020688025,0.7739084281574372)
(0.1717147908552855,0.8552930178499235)
(0.20825662544280105,0.8319758456066805)
(0.2442989318861522,0.7699577567077578)
(0.20661894163973896,0.8257646814803863)
(0.19069456725945827,0.829338989294876)
(0.18302045074099277,0.8100325106219165)
(0.1403291372273686,0.846277785871248)
(0.2688767417867915,0.7537358528855674)
(0.1772966894969355,0.8315954665137099)
(0.12932797462065843,0.8754333182810909)
(0.2603594612555679,0.753347869490676)
(0.2514299285910695,0.7345435728832179)
(0.13391839962357643,0.8429588303342004)
(0.1790071840558003,0.8182402221901376)
(0.21182051024996768,0.7957090988814519)
(0.2314668556094461,0.7924993079670927)
(0.20708238357907938,0.7473789503386569)
(0.1401729968672052,0.8371677605462281)
(0.20373302989446876,0.7820036743798724)
(0.19475763516453026,0.7889294343252156)
(0.18463809571549988,0.7985449584703593)
(0.16306189348782454,0.8085913598023898)
(0.11510774236906438,0.8675723226494699)
(0.22092824038621034,0.7665736106872345)
(0.2015444888176048,0.8187214630903785)
(0.1245834321793556,0.8569215522350072)
(0.1533042172928972,0.8607112079460533)
(0.14727769052368314,0.8799333297668024)
(0.2834394303703021,0.7342521008570656)
