(0.31268741496323255,0.6866643427623733)
(0.24640179685849314,0.7801871441632912)
(0.28732570427506665,0.7443293945641716)
(0.18274327479327113,0.7833772030920776)
(0.18330834601153573,0.8302576087013849)
(0.24474595151256417,0.7737783661910301)
(0.1714087136192171,0.8290125377145755)
(0.300872026670059,0.7206610405672318)
(0.25258116446958234,0.7703380743480513)
(0.3603611408603305,0.6456710459326855)
(0.26497602756625693,0.7306797023153022)
(0.17857377121387635,0.8091564361502975)
(0.20016364367743497,0.8278922725376734)
(0.22851592162802914,0.7901727549899401)
(0.18994598541336408,0.8376857638398052)
(0.26321641445803834,0.7392826918204106)
(0.1905948559739291,0.7772501943073971)
(0.10413225626368998,0.8659345411518585)
(0.23060973791388656,0.7721413019966156)
(0.2880795242056886,0.7514522206022228)
(0.22391056954687372,0.8008028665844621)
(0.1823534909414674,0.7992865551753554)
(0.12854023447017782,0.8427985666220207)
(0.20134289306310327,0.8104241023981867)
(0.11615812318029671,0.8770616699063489)
(0.12495856931212007,0.8730204517005026)
(0.2345042921472201,0.7754404111660909)
(0.22493898391815814,0.7396875865214957)
(0.22416204161802505,0.7693654482719289)
(0.24290871676657985,0.7638242667360576)
(0.3305775718855903,0.6831685989605417)
(0.18165110232370515,0.8471346745593923)
(0.2634759281913485,0.7530132388976599)
(0.37933715400605755,0.7107794394373363)
(0.1866100554713424,0.7550046647203827)
(0.10575475742376277,0.872333165553067)
(0.08560144465709835,0.9136645980507072)
(0.21861925162075851,0.782111830793824)
(0.15347464031343183,0.8148554576275463)
(0.24910257835265615,0.7792447890845791)
(0.15202890533543836,0.804143092526533)
(0.20594741489937832,0.8383345866056556)
(0.3684169299349231,0.6467775460510287)
(0.24087315438679147,0.7431525178589599)
(0.2273600199960439,0.7582887348668806)
(0.23400210076707717,0.7743707546652656)
(0.3046931200321798,0.7456987616248054)
(0.2538713703516054,0.748013722694533)
(0.10957842756198087,0.8821048701870298)
(0.20854206781092605,0.7934725099358947)
(0.14171559227132843,0.8657454595468166)
(0.19427448299622926,0.8384081887699053)
(0.22793210946313547,0.8133027311378452)
(0.24411596068522257,0.7794414568609498)
(0.13841503425153834,0.8689273249602807)
(0.22278180022041896,0.7953428737812973)
(0.08956975413330294,0.9088522258743186)
(0.08308357967333131,0.8839636208900897)
(0.19394939031422534,0.8162333108510995)
(0.17130889618676703,0.8272574890475364)
(0.1426672152719687,0.843855783252725)
(0.21205504243272597,0.7770652363783355)
(0.1841571972457283,0.8340898888925451)
(0.13070782463640443,0.8687201361241875)
(0.08193180247675348,0.8562694167004313)
(0.29924391702476355,0.7553211159655477)
(0.3876517634781178,0.6733017720475267)
(0.2933657564883214,0.7016114522910442)
(0.23804411400276385,0.7784949172395857)
(0.15134875687722973,0.877011506728101)
(0.21369306862013288,0.8060193314086601)
(0.14212121302522993,0.8534221638753516)
(0.20135778048684347,0.8024994233378091)
(0.15769559577236225,0.8260338270300953)
(0.2059111097293967,0.7920086940931423)
(0.15108125691054505,0.8092626211264907)
(0.18448736773169835,0.8292154418923193)
(0.20934696990890517,0.7714036118258573)
(0.23392293163952516,0.7462001194633775)
(0.2598129418520749,0.7614463727642825)
(0.2309130100121128,0.7876371275306429)
(0.28999738501661465,0.7416287370785378)
(0.2537470378655673,0.7657412418261116)
(0.125527305063349,0.8681356226984992)
(0.21463352139575895,0.8061635984159983)
(0.2655225069770272,0.7480222499931267)
(0.24565669015519123,0.7943553878800523)
(0.05191399062064595,0.9109141774059644)
(0.21308327756228457,0.805645219045281)
(0.278413458592192,0.739317081715876)
(0.17460911870650486,0.7671726261898946)
(0.20980582905038156,0.7684948198659215)
(0.13047025756922093,0.8421330182853684)
(0.16474694360043723,0.8912996563906506)
(0.23472824432266373,0.7688223742292486)
(0.1059871014891744,0.8895772612643804)
(0.1448039659836643,0.8259198109538146)
(0.14871987743320372,0.8999333275837988)
(0.22171203344194648,0.7579801625411057)
(0.1878681538585128,0.8042632477269102)
(0.09767049210065933,0.8699883882840471)
(0.09515120869203175,0.8759852997656948)
(0.2052872974997796,0.7979059414876294)
(0.27746452551939194,0.6902209308606305)
(0.16797160342348577,0.8248205795044955)
(0.1754271718586687,0.8374573079011218)
(0.2872470736662773,0.7418721587412199)
(0.2687836315290556,0.7443578019532939)
(0.1993831316903131,0.7839118543102397)
(0.30309229532245835,0.6774877061734493)
(0.19081828334381526,0.810935964054527)
(0.19145323662897354,0.8041979206373255)
(0.13843640677768723,0.8330359920188799)
(0.18467930823453166,0.854770713902511)
(0.26116883880443276,0.7679307064485208)
(0.3017816903595444,0.717097653548644)
(0.18274284757183973,0.8268228393399386)
(0.21893346842504616,0.7826331495822828)
(0.250191775043104,0.7520763147398171)
(0.3336202560669701,0.6990247140151796)
(0.20261638979234683,0.7657364233148486)
(0.2286722236807886,0.7887259342097397)
(0.12987835745140874,0.8645613736909368)
(0.17803361203079754,0.8208002826499704)
(0.13364710825752368,0.8583925128990266)
(0.214462342684576,0.7895145175221088)
(0.30121979795833187,0.7427213082511066)
(0.05986010680711057,0.9184064586631949)
(0.1539293248464957,0.8465456098223303)
(0.24166339856936625,0.7710036695987662)
(0.2242857591702429,0.7737217055860983)
(0.22406589250572595,0.7932298777648551)
(0.2158324724297742,0.7349223210571513)
(0.3005587983339194,0.6912667006771943)
(0.3096041012841579,0.6841663288595099)
(0.30343070341071304,0.678451931371359)
(0.26148586014155606,0.7094789597897232)
(0.12218855021269569,0.8554819080263072)
(0.2773514412694687,0.752741559007048)
(0.21055156047268164,0.8091987692658152)
(0.23196260157987308,0.8091534475407369)
(0.0809356264935071,0.9160511354753451)
(0.20292414658039543,0.8054413938471066)
(0.1347783409210188,0.8809887659004983)
(0.08883262721056795,0.9044743172822328)
(0.11001251091431972,0.9243436673338333)
(0.17238370908906295,0.8450086379633198)
(0.1223875688020954,0.9132254167076995)
(0.17996226987263875,0.8145693561610899)
(0.11038447133293106,0.8581378219358644)
(0.154910888125757,0.8342158226534483)
(0.20668594316852532,0.7971370739082726)
(0.20924957516868198,0.8308991712872011)
(0.27915327984324717,0.7083538242271858)
(0.2931967643970778,0.7227348935483391)
(0.09164523197921678,0.8918824422067174)
(0.2028731237614723,0.8134645145975872)
(0.24870469758708033,0.8059454120077272)
(0.2264541149351649,0.7720418759638299)
(0.14715509810160632,0.8337404984396324)
(0.2618698407611257,0.7722115531424449)
(0.1753324826451023,0.8013753696057397)
(0.23846062624206094,0.7769853031230064)
(0.2449907168284825,0.7268124209469543)
(0.2184108949229412,0.8081481007511165)
(0.11840781859629851,0.8553651877648112)
(0.20984137877707476,0.7952036034426675)
(0.241542191328628,0.7532344099910837)
(0.261055272469998,0.799389982339918)
(0.19026254422714062,0.822774917828639)
(0.3112319732541635,0.7110879840838223)
(0.19320161078986872,0.7942093637001882)
(0.1942844694613458,0.8352803781127539)
(0.1429031261952075,0.8118539081520322)
(0.0906150360450525,0.8747100923584495)
(0.1256702407293799,0.8615190571304123)
(0.2113883925009313,0.8265370179134589)
(0.2193830037739787,0.7380190751493699)
(0.22036539796887936,0.7601705470802075)
(0.09563217875423315,0.9062538690038908)
(0.14936367298432526,0.8723674880262278)
(0.21271358938584395,0.7666463944473113)
(0.21161442662846527,0.7576391106466017)
(0.21449032912690114,0.7731040115094221)
(0.27189961565081966,0.7762773423041756)
(0.20177161824383882,0.803086661573587)
(0.16814222041354734,0.8189695666775593)
(0.21475108594120335,0.8120509206132118)
(0.1979668183009855,0.8024295099679374)
(0.11255109685544085,0.8912093837297186)
(0.20494979994463428,0.7810251303791602)
(0.1669814034566044,0.8215512736392315)
(0.16012870003786198,0.8542775708474379)
(0.18360029781902706,0.8324207595589349)
(0.17839271897236406,0.8430400286912004)
(0.1726363711222643,0.842627532475887)
(0.1815463153136603,0.7631200060359675)
(0.23016931818187183,0.806219583838856)
(0.151559783540956,0.826202860409522)
(0.2005746720490516,0.7886126951357005)
(0.08187737571579864,0.9058251613562792)
(0.1715638109776307,0.7866041102753458)
(0.20326700958487265,0.7632371205231511)
(0.17760957639961697,0.796688697454016)
(0.17081282262930153,0.7929095750921528)
(0.1485615131230902,0.8309703050766956)
(0.2752094910381538,0.7260944072783451)
(0.22447720546489608,0.7571661642846527)
(0.21200691394672722,0.8010104978423814)
(0.1774803015474804,0.8023925699894241)
(0.0863659273097562,0.9228456743876543)
(0.12264480792455626,0.8706969828457531)
(0.19831294152928539,0.8018183319014694)
(0.1014363559992866,0.8802296396752896)
(0.16834415235665107,0.8465629960001485)
(0.133064837071015,0.8802021134209913)
(0.14804763245378771,0.8329624791713179)
(0.1732977241226654,0.868747669873594)
(0.1644110969528268,0.8287306918080608)
(0.20552120088681194,0.7977513455397254)
(0.14085208057100754,0.8704705294959632)
(0.31913949194660657,0.7437046574227177)
(0.16322981841149797,0.7796394875240031)
(0.12160215531992999,0.86105918420526)
(0.07636430790921006,0.9436505317856771)
(0.20012155169903867,0.8079362260082867)
(0.16504932413581577,0.8282821921051317)
(0.30932886848427493,0.6892122838622392)
(0.294000894090896,0.6908711008012995)
(0.20644535644041012,0.7894200762015902)
(0.15011442556289567,0.8442401403092402)
(0.16795466782743698,0.7954367853148098)
(0.22346264195083151,0.8058474327048878)
(0.1386456343890581,0.8491214757351043)
(0.29742769967343946,0.6999472519961092)
(0.14192165957085595,0.8015559392982446)
(0.011029787234524673,0.996016145857582)
(0.2632289684728271,0.7543435587134356)
(0.13331943215718317,0.8775692831432091)
(0.2565220967105713,0.7218543726368941)
(0.2415438613246664,0.7188088073426906)
(0.21725998837348634,0.8079440313360222)
(0.21022392601564796,0.7701524643026971)
(0.2685953174958813,0.6956341152104895)
(0.13128378514456177,0.8348750885017411)
(0.18289485861664928,0.8262223603531585)
(0.16748815572694073,0.857810558739337)
(0.1614919422384374,0.8431159931995026)
(0.30316962681292425,0.7266035504886781)
(0.3379536312801736,0.7130298639704872)
(0.23202891803368247,0.7717058551405201)
(0.1263399023369025,0.825250085836768)
(0.05648290560671258,0.9232918588250045)
(0.2276769017193665,0.7811239175738871)
(0.15466212419512082,0.7767343364112719)
(0.18675114352920535,0.8249121328235974)
(0.17098266063295742,0.7983770012778246)
(0.1231258782122498,0.8223229314722486)
(0.16463132534586689,0.8324066148479341)
(0.13925741318422077,0.8710697534817159)
(0.14351689273459248,0.8343314850597808)
(0.22840699333773656,0.8011581302953534)
(0.24697411132182062,0.7373926508926744)
(0.16754850908082067,0.8700185977188732)
(0.21926267553492806,0.7653428921225043)
(0.09474758988856896,0.8962570561238057)
(0.16489585591518155,0.8088433614104847)
(0.2516456669602755,0.7642253302769255)
(0.17020028952570165,0.7974142956681363)
(0.047185483355485176,0.9196176998323261)
(0.2645590212128199,0.735238199039952)
(0.14144794785608306,0.869584671737437)
(0.31690225896869095,0.6391622360148623)
(0.2716878931977171,0.7770417101841234)
(0.3147584677984071,0.6702332178670659)
(0.18390207863865593,0.836301906233903)
(0.18561490044331877,0.8486659060069848)
(0.2305681405299405,0.7490233878185213)
(0.25844125170211607,0.7144219360606152)
(0.1957092693711816,0.8200311368429597)
(0.19484277623306107,0.7946701643752332)
(0.17587500230288058,0.8196124385386896)
(0.19476086139717305,0.7952442094925035)
(0.3114106381521064,0.6993678203304232)
(0.2610518462542174,0.7269902157283924)
(0.2738101679715927,0.7237219093527768)
(0.19935418358567128,0.7649481728866458)
(0.3243626024137246,0.6731260107320921)
(0.08280016309757907,0.8802588413523821)
(0.26413851994501764,0.7424962525022716)
(0.19971361021920078,0.793658409511132)
(0.11872010552916024,0.9065223888178154)
(0.1668833164209085,0.8214124340909739)
(0.16277266608336877,0.86189487281104)
(0.22071684380775217,0.7518842801320464)
(0.17110073787363242,0.8144669124400242)
(0.2617577239260065,0.7630481063480397)
(0.1776566489049595,0.8023359711586995)
(0.13155292298695762,0.8587170665122872)
(0.26965380033455233,0.7248409586250092)
