(0.24182163325109973,0.7633504759177923)
(0.1751979123186469,0.84952167196064)
(0.2092817975288506,0.8123015885518288)
(0.19450140898746923,0.8308556240339601)
(0.20129907250533483,0.7730045941629811)
(0.17313656199739041,0.7990123192440758)
(0.22504416341291955,0.7682574376295874)
(0.24944555736630947,0.7315388584658237)
(0.24124166040185852,0.7654354643959167)
(0.16373136087490187,0.827378405096182)
(0.1899152920093109,0.8067187564390788)
(0.1410293088522332,0.8594243015744966)
(0.2401295240643832,0.7650777463765501)
(0.15369900736693018,0.8154616188780789)
(0.3075577266438831,0.7386710031333228)
(0.19360411215762754,0.8042875754039946)
(0.1857485794968415,0.8042592153185166)
(0.24514886581595638,0.7428632822871201)
(0.11525168478276843,0.8687420535901368)
(0.20207223930031012,0.7988432677830645)
(0.21969851811304983,0.7924274566871411)
(0.19668273763958913,0.7896234707154887)
(0.1355252635732384,0.8542222133439071)
(0.16919388105894775,0.846068990950768)
(0.3333057008058565,0.6925125704596693)
(0.20863893471315517,0.7874725481430449)
(0.2497792834565225,0.7903519745728749)
(0.23074908401760819,0.7401180175160518)
(0.19780610902487242,0.8224749202392767)
(0.1911289800109648,0.8240127304665636)
(0.13888394859532796,0.8337396426505795)
(0.20803581677429572,0.8078338037541375)
(0.19826176739110887,0.8086846617032327)
(0.18432518334456457,0.7986060127884941)
(0.26598154659247086,0.7718266260554867)
(0.22958325304385643,0.7846640901779631)
(0.23534301038363434,0.7825499585757515)
(0.20588313896917343,0.7837063134357961)
(0.13553536995120719,0.8280867872775212)
(0.21803922939980122,0.746726252187323)
(0.20966298405295053,0.787059677740316)
(0.22126515710577255,0.800920488188708)
(0.1876130116744977,0.8001248114619697)
(0.29527599448476544,0.7253347618628666)
(0.18530195617668266,0.8023019842070216)
(0.12244082804672256,0.8626194428011553)
(0.11785521362412661,0.8608646301531452)
(0.19140014855143242,0.837152907743773)
(0.1614002142898134,0.8241803757722064)
(0.20072743531014361,0.7821235029228419)
(0.173122745965678,0.827435135079101)
(0.18281341713143606,0.8296594687716035)
(0.1507016237624509,0.8591235940172083)
(0.15993151433210695,0.8311139634625233)
(0.3246550013276855,0.7093769592116681)
(0.2665939471794704,0.7368709658043526)
(0.2102440978552188,0.7948729563512132)
(0.16383381311223225,0.8158418117734186)
(0.2902886487253803,0.7157459901187341)
(0.29723369735072064,0.7284063274747165)
(0.24000637880459763,0.7784684257712836)
(0.24665267109503472,0.7755370230837083)
(0.2930660692910386,0.7300764079081962)
(0.23759435742912446,0.7511240949723293)
(0.2674549263585074,0.7583066773333037)
(0.1661074470973823,0.8268628327589911)
(0.18531126972435796,0.8320766935779729)
(0.22217027584165353,0.7805443189651531)
(0.2350336548166359,0.774178566985929)
(0.1132614953946852,0.8546917640191947)
(0.2176870713931794,0.7928061917065649)
(0.17192174899953105,0.8051767505162124)
(0.16466182514530509,0.8045701172545685)
(0.20981447920956114,0.8057374379200861)
(0.23231363702153812,0.7673297701647929)
(0.18954393023567664,0.7941133369095761)
(0.14288002569623903,0.8812127722799323)
(0.16927870680519055,0.8248654460630818)
(0.18093938637140705,0.8298375709541496)
(0.16363324424918413,0.847816016546578)
(0.244284135743943,0.7600814075095917)
(0.24795407871476963,0.7628539456951273)
(0.17086184878978272,0.8475115881710997)
(0.25196723074659944,0.7581626569925087)
(0.12408063168741651,0.8351325987378)
(0.16150837701732887,0.8189886848005854)
(0.14113339632348076,0.8768665328965063)
(0.1767840799928645,0.8037790802303427)
(0.1580521318803122,0.8158025587012215)
(0.1772897298199185,0.8487810383186085)
(0.2554867803057915,0.7418547125547477)
(0.16126421592489207,0.824544702552425)
(0.2064465583481767,0.7806787436264366)
(0.19687364529168894,0.801457188459665)
(0.13069469306224324,0.8344103545165362)
(0.21574449871544668,0.7646050951839222)
(0.22474553334584266,0.8112531736176365)
(0.1568192502671078,0.827437596730516)
(0.10544984970693617,0.8583026058418709)
(0.17683172943843506,0.8210193906980802)
(0.15151398479994316,0.8154454029907207)
(0.18325252018516283,0.8230224659651653)
(0.24683066887296182,0.7771170362613696)
(0.14057221838097314,0.8130118000309358)
(0.20707020420801314,0.7736680821039222)
(0.23000065927333851,0.7790054363100316)
(0.20493684812492702,0.7763451557791479)
(0.2341112362101837,0.753836061215972)
(0.2443160919437379,0.8018378222729039)
(0.2330505214519018,0.7854088601121678)
(0.18210384942363547,0.7977413280958711)
(0.20852842368371746,0.7949716058159623)
(0.2000552619567314,0.7858627373215803)
(0.2406366285294992,0.7917870604807857)
(0.12744964924384666,0.8473816360421182)
(0.22033586631715044,0.8096999890808562)
(0.2521232625751006,0.7656125294871428)
(0.27676829143632947,0.7510317380603914)
(0.19719008338466765,0.795408105981026)
(0.22132990956990378,0.7929983220356164)
(0.17792151710225793,0.8129939043760687)
(0.17456276826757375,0.8446033751258915)
(0.2937377110082627,0.736957622411696)
(0.1759141269602817,0.818012313562779)
(0.17923028015311077,0.8099579056823231)
(0.24495588803673413,0.7761691689605777)
(0.1468843651133213,0.8182177097303988)
(0.20637860044023446,0.7974698862101542)
(0.1822010564026464,0.8097156233654114)
(0.1786970219358754,0.8312885238192821)
(0.1959916507345609,0.8045771112194291)
(0.256583324332164,0.7651226321622048)
(0.2079453302142409,0.7798973963893352)
(0.178663251335319,0.8125252821804921)
(0.24319141848458795,0.7572751106296665)
(0.22292743864794545,0.8022961790978593)
(0.2073233974888152,0.7883611813615466)
(0.17748810400289866,0.8110313010869952)
(0.25577218379333394,0.7718670730237596)
(0.09332337034413016,0.9082014682031688)
(0.26447188922989495,0.7659049187500783)
(0.20904309068282897,0.807897050889356)
(0.24221647180162093,0.7258617672939219)
(0.27119261708959186,0.7366336688885876)
(0.12954666636926512,0.8660624513597334)
(0.15994512055133966,0.8390359275155294)
(0.277305610760593,0.7593139414215295)
(0.20156277455177504,0.798299851979494)
(0.17582246807910165,0.8304891767734072)
(0.17034609430663838,0.8240625411475582)
(0.13690092658415004,0.8425451013692081)
(0.1505305299001366,0.8525084493520698)
(0.1607615166895987,0.8127020900925025)
(0.1389083110277076,0.8673353085973055)
(0.24142453269887898,0.7457790616499603)
(0.1827141585756284,0.8328016933154117)
(0.17291055613230893,0.810355890271095)
(0.2530765578302903,0.7631599722471202)
(0.15747351163266654,0.8520607799314912)
(0.13773047214181444,0.8773744059272672)
(0.19760516318121618,0.7774993481060342)
(0.1435050429296191,0.8600148205830462)
(0.23611579367709956,0.7686382765988244)
(0.18314536820197028,0.80807263725019)
(0.22191038187087223,0.7865094586139217)
(0.15571373159136748,0.8271147238800435)
(0.23857196113951265,0.7325113883052049)
(0.1692270668192469,0.8249020536498581)
(0.21186618714211913,0.7986398862932131)
(0.17328623130775925,0.8296227747705347)
(0.18896030775732928,0.8114905388406964)
(0.1789661260861848,0.8428148307356493)
(0.16926392174646002,0.8217133598935977)
(0.21688488865114947,0.770948492458199)
(0.23159692969800602,0.7666659343027785)
(0.23810931086753315,0.7670562386397495)
(0.21378925647853483,0.803773654822735)
(0.263440357006694,0.7379276644057573)
(0.18159640479696385,0.8008296960373963)
(0.2398012451950677,0.7747582084333007)
(0.17655614070458348,0.8266094884126549)
(0.19721447243630152,0.8196993026793709)
(0.2959139081920808,0.7260773516431405)
(0.1728197410202568,0.8140956402901425)
(0.13067754627681935,0.8394249634827752)
(0.23072759014151106,0.7757107415591562)
(0.21766463479895862,0.7525097705879956)
(0.1920487462924468,0.8122970109004746)
(0.2684316370033315,0.7567841163132466)
(0.1917629307204037,0.7980531668081088)
(0.13341451859851425,0.856807516772424)
(0.16695535979281403,0.8599974327817697)
(0.1812292147286276,0.853593180750454)
(0.20573777722053346,0.7985044202396404)
(0.22552126038908382,0.7503684444110341)
(0.16776616511476125,0.8294719832288907)
(0.22096571412454707,0.7873633544945473)
(0.10199051615914825,0.880252880019684)
(0.16459376346005347,0.835536516878832)
(0.18294261348726845,0.8154947741641372)
(0.15136175632033588,0.8457203686220145)
(0.14621725013147532,0.8371687582778397)
(0.25744729170839753,0.7583057231702315)
(0.21867032474323747,0.7513715493713959)
(0.14190446372123217,0.8679774746319123)
(0.23252395948351387,0.7769674228768122)
(0.254626352558,0.7610376679524753)
(0.17209487098498039,0.8258807917231714)
(0.11685824558431074,0.8858930409553047)
(0.14387036138630077,0.8624467170260791)
(0.17631287613317714,0.8366952733407846)
(0.23291673564882387,0.8008072446911961)
(0.15297425597653236,0.8254525215201532)
(0.1581691423102545,0.8221262516405893)
(0.17246145079671826,0.8122050226087785)
(0.14479336143379226,0.8333183470517338)
(0.20946563340965915,0.8121120105117978)
(0.22873070756596825,0.7889300106137017)
(0.25174515778127626,0.7520296694908866)
(0.19830753023587822,0.7850078664822181)
(0.2682473119931343,0.7389951700431725)
(0.14133761816538523,0.8547818774518889)
(0.16397156321945716,0.8150031049816381)
(0.17686129751576282,0.8311145113514002)
(0.18728055386401654,0.7892872723431174)
(0.25581300423161846,0.7412324354713301)
(0.13916391901471778,0.8263928367330011)
(0.16186787210148426,0.8099493699795832)
(0.15732861737710516,0.8192120168349052)
(0.28663641086767994,0.7490502700808775)
(0.22648149437239465,0.7810969065884195)
(0.24163607115379201,0.7787550494378206)
(0.16127118487763692,0.8255158843648421)
(0.135639008987402,0.8745007269902397)
(0.22647756954811754,0.7972660848021351)
(0.16965678690702798,0.8266285826230374)
(0.23544984337503472,0.7729439825254405)
(0.22739876817774482,0.797079428806572)
(0.10664853527394029,0.8732340430030311)
(0.13923766109895896,0.8341162281460255)
(0.19868339316705763,0.788804764414135)
(0.19661784367579793,0.8099035060247316)
(0.1600546852890871,0.8433131945789348)
(0.18415680483414987,0.8182756662350992)
(0.2174471458888843,0.801168575296573)
(0.2308109917584982,0.785926214412834)
(0.2364876821925574,0.7743010287358844)
(0.24705364200812996,0.7715057165189458)
(0.2241757361398603,0.760067486973914)
(0.19882889825927616,0.80984847874356)
(0.05860469842931602,0.9057061546933961)
(0.27552191517292274,0.7541237361741762)
(0.19463400139975778,0.8060220556223414)
(0.16227832530006372,0.8562155965227892)
(0.2000707661370418,0.798315708721313)
(0.1758505174947593,0.8273261324656239)
(0.17524630225717222,0.8303173167101067)
(0.2751222226488956,0.7527682637651192)
(0.28583850350604256,0.7020707748281941)
(0.16235527863356425,0.8160782420581806)
(0.19403495553241448,0.8073912286445142)
(0.1517275779718345,0.8219723651987271)
(0.2183669459637962,0.8011791733524574)
(0.18672450271347513,0.7990172191449392)
(0.25983341161026074,0.8054447714247975)
(0.17304020478499044,0.7766235843031055)
(0.12147007847242702,0.8851107467538762)
(0.20244648749582447,0.8009656607283079)
(0.23510659691897665,0.778346476078833)
(0.14115005921257268,0.850693688076182)
(0.1399252970259905,0.8319047828219926)
(0.19922988913485765,0.8214222389744976)
(0.20541351952296275,0.7809217212048)
(0.19147324070189473,0.8110478196397853)
(0.2052189973179194,0.8061338892773559)
(0.2249629490575436,0.773324040409872)
(0.29045819621681074,0.7244366068687463)
(0.23950405231220617,0.7442521606915881)
(0.21993331037861896,0.7926827968419358)
(0.2067699637196927,0.7754992056163619)
(0.22236213282589992,0.7779800165912015)
(0.19318646389093166,0.812035837389367)
(0.08783799400243844,0.9297913997012487)
(0.1458015266572614,0.7995699117058052)
(0.2214661777303055,0.7589474442066955)
(0.24232751516912568,0.7683917463967878)
(0.2151852690353702,0.7983679100891746)
(0.22457684308241466,0.7704978673126958)
(0.2520909724089037,0.7506051183301672)
(0.22008030834108627,0.8056237959535314)
(0.1739595655098635,0.8088561676001264)
(0.17659012761765466,0.8017015230315698)
(0.20481797294299048,0.8185677048923744)
(0.209913810257694,0.7809586082475976)
(0.2338405361567021,0.782188515112419)
(0.18712049354506732,0.7629375571428623)
(0.24086161521938787,0.7985078317410773)
(0.2125233011749848,0.798017805455752)
(0.1919151385151974,0.7978695317563415)
(0.29215288446637216,0.706133865538383)
