(0.214462008774698,0.7895359718595202)
(0.2439628292552826,0.7576496192403049)
(0.15637244923186966,0.8292919244957001)
(0.15938230966195466,0.8214333589374101)
(0.21713286041829377,0.7892053607870879)
(0.18984273944105146,0.8012497415792099)
(0.2211866615455944,0.7684378130139428)
(0.20945237479012893,0.8108614348127293)
(0.16986163499613016,0.8395128581062267)
(0.19678078949067082,0.791653708333265)
(0.17707461934097612,0.809319925914235)
(0.22188729011075434,0.7799017110671412)
(0.21823637199575227,0.7662405304066198)
(0.1721335371753799,0.7868192428277933)
(0.18830760011101727,0.8027342516552467)
(0.16638582221114784,0.819332432377006)
(0.2095339245582309,0.7971269533009919)
(0.16927212552792414,0.8218838675753364)
(0.2044816878928974,0.7995754242171176)
(0.20003818882530372,0.837668480807904)
(0.17504397224192517,0.8205926834466972)
(0.20371491302629294,0.7835608071284421)
(0.22923898571241721,0.7744698826413277)
(0.204210965767708,0.7894157707661283)
(0.1786133161875614,0.8319068859244593)
(0.20078703241148246,0.8049429220135069)
(0.23208438934090767,0.7822735508186878)
(0.20328242630091672,0.8000526528229143)
(0.225299958643874,0.7815557120930899)
(0.21019745007829438,0.7982678237800768)
(0.18970974658576156,0.8079839019733206)
(0.24232366399230856,0.7661806150992959)
(0.21628706602046618,0.7929162273088785)
(0.20137179984644568,0.8173554340961722)
(0.221512503160459,0.7748623960654261)
(0.1643717453652579,0.8301729188574564)
(0.22052658246857834,0.7837327602362243)
(0.20730533475316879,0.7758656515724272)
(0.2149108590860016,0.8032601232696613)
(0.2266687839972982,0.7859682450211225)
(0.1914708735822129,0.8245084475386353)
(0.212936649638447,0.7760416745636762)
(0.21133701014146564,0.8005784899256742)
(0.1948934932479078,0.7865726919806214)
(0.25673463498228166,0.7513902472110993)
(0.17420207739356014,0.8149910668654725)
(0.16068763299118421,0.8355646627178023)
(0.2076638434470973,0.8023417433887495)
(0.16282242967029184,0.826573476009465)
(0.1560623668280317,0.8443649201038761)
(0.19169408607057684,0.7950539864942058)
(0.20560355195147642,0.7696422414430708)
(0.19208101083355153,0.7981670296170084)
(0.15304526780472275,0.8183553581899405)
(0.15140276781654305,0.826621491426513)
(0.18816834584818232,0.7937846302370056)
(0.1779798448641745,0.8373394815793537)
(0.21516684621893173,0.7922264964311169)
(0.16912757813276752,0.8133476816360853)
(0.22102891614193593,0.8117835181271532)
(0.2013656891659843,0.7831241459556184)
(0.18044883048273966,0.8113622819237659)
(0.2167161763298775,0.7928602299507574)
(0.19313257877819934,0.8134053872014951)
(0.19938486581032544,0.7772653337600629)
(0.20430229709543832,0.7833649614217846)
(0.21373456733003324,0.7989820276782998)
(0.22235343810706798,0.7647490788094501)
(0.1853170042770191,0.8157961186770638)
(0.124646994847161,0.8623998255831501)
(0.2397832990854046,0.7690379389996096)
(0.21810370275240562,0.7768345978577753)
(0.24987058661779285,0.7617734968881669)
(0.20307099491447797,0.7934168505979755)
(0.1995838066885011,0.8141226634291666)
(0.1844688878631913,0.8291461388731335)
(0.19770846128232084,0.8054504704572399)
(0.2413261978541704,0.7664785545049768)
(0.1941030132251568,0.7988905304470887)
(0.21870090105952236,0.7910366533648352)
(0.20426291077787964,0.8056833196811913)
(0.22132212421901323,0.7793339821405871)
(0.23885478515260378,0.7640831419667526)
(0.18465217449079913,0.8043534490124704)
(0.22589587638543354,0.7829348848501156)
(0.19571360428376183,0.8145089556253906)
(0.2127637640190417,0.7928672525961992)
(0.11870465235755571,0.8786464320249202)
(0.20203760164105247,0.7949271651294414)
(0.1697573353638648,0.8239801391388356)
(0.18025383064256476,0.7982580434847911)
(0.22688893134974486,0.7938908479717484)
(0.1999273436108041,0.8066116263377782)
(0.1870744390074148,0.7989204898903515)
(0.20063702686785853,0.8247911597266133)
(0.20719061230329042,0.8021336135987509)
(0.17088306454040814,0.8223928902460728)
(0.20111164932616502,0.789017425307001)
(0.19414933353727232,0.7938351436898089)
(0.1666694410186324,0.8169287355088533)
(0.17637738796448652,0.8128492236581225)
(0.21048000805125086,0.8017801279261025)
(0.17178277036298695,0.8274706861003203)
(0.16569497612374523,0.8258429576031725)
(0.19447719859562032,0.8100627010595104)
(0.24251854165286651,0.7769365674014521)
(0.23399754071742918,0.7804634090619739)
(0.21840488121035206,0.7804469559336792)
(0.1928268893142321,0.798044062621631)
(0.18960748123083795,0.7963675927711534)
(0.22152876879111402,0.7798183500365334)
(0.1921620501597675,0.81872217919833)
(0.22777903071927802,0.8023878496729776)
(0.19708856612200926,0.8230635210069096)
(0.22723632947661568,0.7802626163541958)
(0.1951340707767274,0.8099306977733055)
(0.1703951949362085,0.8247964491492628)
(0.20650526315250495,0.7869044264181668)
(0.2520961786897045,0.7666718723725401)
(0.18226747708904373,0.82429823785992)
(0.24391386832953735,0.7840319896423688)
(0.2553160541354823,0.7587894999416185)
(0.17679978954831255,0.8106347882724136)
(0.19764925037358366,0.8146895869098504)
(0.20480604403321667,0.8075655298852444)
(0.1783593126122745,0.834624181189995)
(0.2384208330755775,0.7709276768594366)
(0.22489495295571016,0.7975417201647179)
(0.2060561941590158,0.7934975887647112)
(0.1949617141820344,0.8163043757568093)
(0.16037844013819594,0.8191019164001122)
(0.15657163059648968,0.8269382642665792)
(0.21280740232659603,0.7931969366604267)
(0.18440818309058968,0.7967933193996954)
(0.19477018465880655,0.8017500963526263)
(0.22352529126200865,0.7700457080912315)
(0.23307614695891224,0.7747694040741354)
(0.22362608749869664,0.7824832618937342)
(0.1883812075538852,0.8111576541227746)
(0.20284601825597878,0.785831963739392)
(0.20991920609900988,0.7721813932863519)
(0.2279922468660041,0.784643926786079)
(0.20524202991064838,0.8024219497639633)
(0.23161087782728085,0.752340302029814)
(0.1702334367521942,0.7986624527634265)
(0.17353198376814336,0.8184826892703346)
(0.23783542658502693,0.7525078034491239)
(0.230825109615679,0.7861796310797993)
(0.17394558134947635,0.808918258110763)
(0.21326032656498378,0.7959579257379126)
(0.206817514531595,0.7949357994636795)
(0.23109653052022006,0.7731292364661724)
(0.22669591274702838,0.7646354293551492)
(0.20579809344195404,0.7918811455782112)
(0.20879135012633523,0.7906521531971047)
(0.20359329966367515,0.8001955278819297)
(0.18037303868279708,0.8129442150442622)
(0.2134601135344922,0.7827240894588104)
(0.18459953157541661,0.823036026137195)
(0.2165642137835663,0.7989558514957911)
(0.2080020225162938,0.7762781647112761)
(0.20526923847621711,0.7844839944732092)
(0.20028889303898184,0.7937262324961132)
(0.20378657772224387,0.7979750854604216)
(0.20798378504415993,0.7988599757586932)
(0.21781776085774823,0.8056359555764109)
(0.23553143178172295,0.7643783452947335)
(0.20776498269138105,0.7839610761398547)
(0.19929660032161406,0.7930006254416984)
(0.17613987200691034,0.8012947767129228)
(0.2021947171327199,0.8236940238224375)
(0.20933167023194924,0.8091263022367509)
(0.19633494613893562,0.8052676564361461)
(0.2326169255493783,0.7663970211431276)
(0.1999643519482109,0.8212376018061375)
(0.2119278281006095,0.7861189540944226)
(0.1864306956198381,0.8099686322615444)
(0.1959759093087939,0.7989868793578488)
(0.22385941526692077,0.7761648065626373)
(0.1900895554234696,0.8106300779677963)
(0.1948776703926314,0.7943990950600833)
(0.21737541455728682,0.7685450654853959)
(0.26206493971332545,0.7433802068491647)
(0.2062022879369671,0.7978500297355464)
(0.1888199658977516,0.8015103206488123)
(0.15733708486382483,0.837803695707468)
(0.19858710512473352,0.7976528971972633)
(0.20180070791648372,0.8001189491719254)
(0.1715277606869555,0.8330207146845662)
(0.21192197116745132,0.7984157478772415)
(0.21168378809233632,0.8019359746711067)
(0.20507703031329946,0.8090699417956081)
(0.20161563050119366,0.7961352192019446)
(0.1639317314757549,0.8304190262544537)
(0.2547907734051461,0.7610654302029848)
(0.1758625459403518,0.8088353698287646)
(0.1904043477185503,0.7930787554978058)
(0.17457269420402116,0.8139806676407159)
(0.20638911566101142,0.7920735475529758)
(0.20975841545566135,0.8023158709709745)
(0.1705841259881957,0.8112426138404941)
(0.15960728592438556,0.8290784691456575)
(0.2592323208316927,0.7522396387038118)
(0.1498033084249305,0.8390850908121091)
(0.22768205389229856,0.7812139071687322)
(0.237116963962714,0.7582175481332732)
(0.21357622469586746,0.7759158541756045)
(0.19197917523245953,0.8052387704152966)
(0.17079518697082885,0.8042912925908168)
(0.1854975387149663,0.8082062077915817)
(0.20179531383536922,0.775281591127572)
(0.21922995896916503,0.7924932276223706)
(0.23528392259707304,0.7463766216375296)
(0.21236649224444878,0.7951366036412238)
(0.21188509971168965,0.767589883009329)
(0.19711160363210103,0.8029026642022046)
(0.19414744866716405,0.8199161288285114)
(0.21378088850496016,0.7623149354161198)
(0.1735562407795851,0.8284774673021184)
(0.20972418716108876,0.7829854933295612)
(0.21054245810905917,0.7991301548306479)
(0.20195998338067117,0.8035736745880009)
(0.2110131233004279,0.7909419463800061)
(0.1704345483266767,0.8066094353256718)
(0.20212549699521412,0.7846003620517995)
(0.20129472086812694,0.7903569685880877)
(0.21514195008830056,0.8001106222143007)
(0.22760894041088733,0.789368047803931)
(0.23849672275458775,0.7752376426248742)
(0.18686755108971773,0.7931377836073211)
(0.18973048642971407,0.8213534897143309)
(0.18274596938962562,0.8099210330553767)
(0.1738228345646615,0.8248621468906768)
(0.15741407294350912,0.8496133139457207)
(0.21145725117959432,0.7870629481400698)
(0.2515780266037135,0.7629557858542925)
(0.21717675647874046,0.7774007223933275)
(0.17518953517949315,0.8121314832500507)
(0.1587740977595628,0.8240388223229557)
(0.16685022864280505,0.8101855516722599)
(0.20859990889288704,0.7785737182625347)
(0.1868943112888235,0.7910802042202423)
(0.17379408742123917,0.8297357173288571)
(0.2170800525143706,0.7699295812370076)
(0.16332259880036376,0.8205609959417195)
(0.1665055474062007,0.8173895600288595)
(0.21404420282826547,0.8008428867972062)
(0.2046369018923144,0.792688845338945)
(0.21713471340534501,0.7869037837009152)
(0.2179234797587305,0.7600216262246368)
(0.1792364138191901,0.8099365492459716)
(0.21455190814930725,0.8006617244337062)
(0.23047050762184412,0.7809737973225226)
(0.16973535658692349,0.8057432774474166)
(0.16396469683960052,0.8274840307110256)
(0.21267678805792115,0.7808975727432363)
(0.1900595790076335,0.8149844170184689)
(0.2032287165163249,0.8021391612555311)
(0.1997712814555335,0.7936536555723107)
(0.19512981767963025,0.8211392013500447)
(0.1997578497322275,0.8043518921503722)
(0.18768642400357702,0.8127258967227478)
(0.19794992342029522,0.8108127397009444)
(0.18207215166345755,0.8024870249848817)
(0.19789132809445345,0.8128680005643832)
(0.21181732383388993,0.7867655350569058)
(0.1763505734768398,0.8154093403970746)
(0.2223877260848608,0.7865200445983901)
(0.24519346624055358,0.7879991119080839)
(0.17724975686353753,0.8056995757094304)
(0.20984896494420302,0.7998011893127088)
(0.19146400356586912,0.803430660985204)
(0.18895707547567736,0.7982136475707257)
(0.20266461966126312,0.7988456668567022)
(0.20548268837963346,0.8153933781382204)
(0.18333874811262443,0.809761608449787)
(0.24390541358129816,0.7735956109780434)
(0.19553056836804344,0.8003784357981245)
(0.21567732570607126,0.7941385035199785)
(0.19400551441334812,0.79392940899905)
(0.2123650352328015,0.7773288024006277)
(0.183908489185041,0.7995098237289825)
(0.24132370948905632,0.774422879246693)
(0.1843130017982453,0.8253962415779973)
(0.20340481450328116,0.7820169761140295)
(0.2087760058325218,0.8153898436739437)
(0.18825841906490212,0.7972778509860391)
(0.22264911317904024,0.7963280260737897)
(0.17596754910591225,0.8241792812198135)
(0.22942069042416843,0.7847259550494531)
(0.18993175084358793,0.8162441063933129)
(0.2230164610586493,0.7993767211128533)
(0.1763482310755838,0.8107209810900741)
(0.236001357238053,0.7856255593995214)
(0.20896434992133647,0.8092751647240091)
(0.2327258901279383,0.769462719169276)
(0.2026201734553646,0.7981890416891909)
(0.17812190739472905,0.8157757543207453)
(0.2108132460477435,0.7956235025399934)
(0.220460209394618,0.7784628406133267)
