(0.19942663861652418,0.7850712942806832)
(0.21628611303242323,0.7883473141833456)
(0.20849505771259289,0.8150993564377743)
(0.1976107840264901,0.8046624376611047)
(0.20483634830636235,0.8039211930935836)
(0.22625729172996387,0.7821276774409669)
(0.19721964618065613,0.7945024515026772)
(0.19315451770160894,0.8030119432907116)
(0.2029728072497869,0.8002379784082783)
(0.20921747108692598,0.7974283612515675)
(0.20335354411184606,0.8022738699615632)
(0.19782249023338366,0.7970005236272039)
(0.19713951165537297,0.8082910877761836)
(0.1945996414896583,0.7967559694116021)
(0.2272134513579199,0.7748301185869543)
(0.20265129071462964,0.7984384188003718)
(0.19121572002289974,0.8079323726226905)
(0.20185859303651318,0.7903707994455009)
(0.20063363573470128,0.7939624164809407)
(0.19689815714541437,0.8039587989218872)
(0.20979790388389374,0.7974535795557289)
(0.2126208480481922,0.8005192433631035)
(0.18526154919608537,0.8092204941115644)
(0.20067105630644028,0.7962430096712788)
(0.20990536137954946,0.789348918471842)
(0.1954948560675052,0.8101507081550899)
(0.2043930277960699,0.8058160437586706)
(0.18950639207491304,0.8079944324468717)
(0.19965776001475238,0.8016513966822314)
(0.21196983160917815,0.7868650207627855)
(0.20194945098206105,0.7921608831718782)
(0.1855315581985941,0.8096946523266244)
(0.19622404435521693,0.7972818292723739)
(0.20038546716361824,0.8055482547714917)
(0.18590786158776687,0.7980648968913353)
(0.20789038047610076,0.7941097775611523)
(0.1767006445940028,0.8148347059770951)
(0.18952508762263218,0.7992603464461241)
(0.20361977766638037,0.7900610389463905)
(0.19344230687654587,0.8086312183974685)
(0.18673893791748974,0.8056962303187287)
(0.1812239699801791,0.8191266462043757)
(0.20642147648808426,0.7920731312762965)
(0.19316453578239948,0.8025838879145061)
(0.21573714811270164,0.7930676779064384)
(0.21534276945918132,0.7980273003134901)
(0.18613455512216415,0.8063963749352435)
(0.19655719643083014,0.803139773615353)
(0.19833975117529165,0.798736681908064)
(0.20809004472060685,0.7974794207890656)
(0.18685029956483984,0.8052924917243607)
(0.21484782076864345,0.7906188313856927)
(0.19301882561966785,0.8053136534819394)
(0.20684349379088499,0.7824381381815806)
(0.19716487288642448,0.8019257306048817)
(0.20692469217484036,0.7940423999746832)
(0.19942697615884822,0.8106843671185316)
(0.21717760764936272,0.7998281769059659)
(0.20964505474494632,0.7976701574415225)
(0.20833187276648163,0.7897899202614473)
(0.20123872655131644,0.7918537579230953)
(0.20323191095793453,0.797028803566038)
(0.20281902384204598,0.7959702055840226)
(0.19986959885642122,0.7953017320321781)
(0.2067349551442931,0.7869015499093786)
(0.18333775362354543,0.8025725017575867)
(0.18871908323771397,0.8095470630588915)
(0.19526248353716824,0.8098322714630014)
(0.19680867256898402,0.8021478293823062)
(0.191069354084068,0.8021598660206279)
(0.21702653686344342,0.7903568871712428)
(0.20021106298032645,0.7956691311363365)
(0.19371772084840513,0.795579347403767)
(0.1996514245582844,0.8136643897984571)
(0.2176497967697752,0.7878497765683228)
(0.22290740505421686,0.786396493562567)
(0.20735977916869872,0.7947804956887765)
(0.1955573769964105,0.8002511257090795)
(0.211202441771787,0.801729624320814)
(0.20702714477517506,0.7920081244359669)
(0.1912894273669766,0.8071843058877031)
(0.21623337382789165,0.7966042119311356)
(0.1815178758486046,0.8063891185147459)
(0.19244104691719233,0.7909905420204242)
(0.20448339823736628,0.7966112401711755)
(0.18109027994906166,0.8063736801666289)
(0.20999408379246032,0.7935193539853396)
(0.19233453418183832,0.7981685566321666)
(0.17498382361762693,0.8113403488360799)
(0.20890306758469138,0.7984341103493069)
(0.22407011468970087,0.7893799123442168)
(0.19897726703230673,0.7923300759650932)
(0.2223536508775511,0.7924321906464448)
(0.19792061306677525,0.8009554506732778)
(0.22173163367310905,0.789089433135998)
(0.2150128521641211,0.7848495664381291)
(0.2008907171279493,0.8041559990255432)
(0.2196111181726368,0.8066583153787319)
(0.21342577247929087,0.7975351944449096)
(0.19312111311854538,0.8090730350950998)
(0.1951052931124868,0.800075792663207)
(0.20450665415179045,0.7910119912609996)
(0.20250554146571678,0.8015428459800887)
(0.19823102587071761,0.7891880413285575)
(0.20031691856518757,0.7944894295643786)
(0.21260144562314173,0.7970590836827802)
(0.20155259187343902,0.8035314899919447)
(0.22117368326668602,0.7862853262522015)
(0.21120345908399266,0.7942880609459417)
(0.20408602263135686,0.7969875779723092)
(0.20380973416895387,0.7943118164881847)
(0.20121290135343967,0.8085016438059718)
(0.21439884495514613,0.789469932704653)
(0.19889517740658172,0.7872736169298495)
(0.18378984834388387,0.8119622608151013)
(0.2001841090730368,0.7967157368773847)
(0.19400758278911315,0.7981807951364891)
(0.1967681628747589,0.8049084568719933)
(0.209782547278111,0.8002734290997278)
(0.20825036523019147,0.8003874816065623)
(0.19840571991620656,0.7958324620277408)
(0.2079066621305409,0.7996063089321855)
(0.19216934288867585,0.7986664543750669)
(0.21426381585999663,0.7919234539961578)
(0.20787080929693055,0.7946042514464398)
(0.20256889376072024,0.797158897747915)
(0.20514737789124649,0.7908189931345212)
(0.19196204357834046,0.7977097141259074)
(0.17975247196776709,0.8090619447227775)
(0.20283879109769473,0.8019469530026937)
(0.1943518767966228,0.7981180171210114)
(0.20373479611547665,0.805552293430986)
(0.1872378974538658,0.8084862028308858)
(0.20992770634716074,0.7907434198834564)
(0.21228307625482704,0.7981816770020873)
(0.1909980543459489,0.8068239042104104)
(0.205513286562269,0.8039283987165707)
(0.19259097479930526,0.8148928977815263)
(0.21004611970183287,0.7875392246699686)
(0.19142043396190478,0.8036487427536818)
(0.20645586187544898,0.7975686031361718)
(0.1836024620741999,0.806003246534062)
(0.2162081971417168,0.796197447673343)
(0.22386007399696298,0.787994234185192)
(0.1930633339591019,0.8012582625284015)
(0.20899838189229022,0.7976327832498711)
(0.2052626812638303,0.797692857141558)
(0.1920219476552261,0.8122350188950013)
(0.19837963855590623,0.8064314942727251)
(0.19205306624040444,0.7990462395520969)
(0.20778374988810264,0.7952130116645904)
(0.20671413604790184,0.797388144805915)
(0.1950459360311589,0.8021846854830493)
(0.20012760582361813,0.7952825389510375)
(0.1995556101220778,0.7921628870742499)
(0.19202273358428887,0.8026079863949168)
(0.2137502131014951,0.7955236223150877)
(0.18014921030512387,0.7985058849121469)
(0.20903090698299517,0.795058441313465)
(0.19481768741093033,0.8039128979284128)
(0.20111686698682849,0.7935330995509327)
(0.22491612309046918,0.7836286087904529)
(0.21218331174568086,0.792505271443788)
(0.20361591496753542,0.8039585085015848)
(0.21886388764935621,0.7948626049210833)
(0.19574256722759978,0.8045394983906211)
(0.20644916587144876,0.8002551791133058)
(0.1984566032938948,0.8151191375722233)
(0.22520195813133903,0.776613223752471)
(0.21681646188014714,0.7856755610265391)
(0.211795571562645,0.7960425398786282)
(0.205604473992088,0.8037058359350013)
(0.18625521756711952,0.8120816589518715)
(0.18766646610174698,0.8133780466621829)
(0.20242636964112862,0.7984372170519458)
(0.1876306195431388,0.8107668679618828)
(0.1932355778215179,0.7953437776548207)
(0.20055626731331228,0.7905734404823929)
(0.20598308222846895,0.798562582034903)
(0.21609917568101256,0.7925284459380851)
(0.1983120940708585,0.8085500667273626)
(0.21958215924573954,0.7994607190469508)
(0.18808625418740094,0.8110167716889242)
(0.18920294957692843,0.8043716044717715)
(0.21826151497554203,0.787152324110012)
(0.1987784984093258,0.8056393014558452)
(0.18947713575962968,0.805615410587413)
(0.219938402114813,0.7907294906586387)
(0.20181616404976255,0.7916462773064308)
(0.19967562800231348,0.7959406827602636)
(0.20878707895315785,0.7850331491321669)
(0.20146657654703737,0.8048848987856981)
(0.1823428870869445,0.8050725095359648)
(0.20849013261303495,0.8019314416417922)
(0.21976097027866953,0.7957591665711884)
(0.20824319808553246,0.8011848363151636)
(0.21682427821219796,0.7935877537052749)
(0.20671655653928248,0.7928435113644209)
(0.21717814278347433,0.801814127203988)
(0.18091698966119113,0.8136492491839077)
(0.1768064954382555,0.8145556546866516)
(0.19191005956600055,0.7991480807062789)
(0.19254335451703836,0.7959717677147409)
(0.18632525334102246,0.8067555853754206)
(0.18891387149371805,0.8046623774679358)
(0.201621262208251,0.7998745438186249)
(0.19917128524500094,0.7881708474089844)
(0.19526691739607632,0.8058667113403254)
(0.18840475317336974,0.8020809510807705)
(0.20690879426505285,0.7951222049452602)
(0.18631403947118202,0.8184087654664293)
(0.20795026464788527,0.8003565922189751)
(0.2130377618749572,0.7940309735268881)
(0.19976172392991967,0.8109383895889593)
(0.20566640803706424,0.7987922030987201)
(0.20300129977208858,0.7935136362220342)
(0.19437748898174612,0.792486586392889)
(0.19278167278237077,0.8106826554533565)
(0.17059007211108285,0.8243771252811953)
(0.19573894224944807,0.7999181002035048)
(0.21424809792918229,0.7934489434723043)
(0.21676816010274125,0.7935591695230497)
(0.20214666697577408,0.7957154712585142)
(0.18836856678388128,0.8111665502265683)
(0.1982847088751917,0.8033128304346548)
(0.2129492696989129,0.7940557465656166)
(0.19126703897513436,0.8105050323228994)
(0.20923203053667605,0.7939712982199646)
(0.19751432058321453,0.796807169075027)
(0.21459237973425926,0.7941105226313467)
(0.17666555687705982,0.8193261873704527)
(0.21463420813412937,0.7949810407542094)
(0.19067116515114538,0.7916888254651859)
(0.19424918518214043,0.8056765334072061)
(0.19920015302631353,0.7956521531472704)
(0.2030422454077864,0.8000115545404192)
(0.1837613974264593,0.8097835572137388)
(0.19806856914092533,0.7946316403584396)
(0.1984190261517028,0.7945325767317417)
(0.2144902394251613,0.7962557215342568)
(0.19227374338493208,0.8029277581928158)
(0.2037688394302914,0.7986760963657318)
(0.2013592496123047,0.8024242035496186)
(0.2158132459048416,0.7983231611150471)
(0.220825152531591,0.7932450669624163)
(0.18695106111532075,0.7929404004152862)
(0.19169386899876115,0.8093568628635752)
(0.20873670135945913,0.7929514106338815)
(0.20798010314412071,0.8093814582967405)
(0.2027718404999968,0.798143831998276)
(0.20053081275239734,0.7886889146660628)
(0.20537670963980745,0.8032856041445657)
(0.20585552335263171,0.8043734408275446)
(0.20842377511585602,0.8025821046179714)
(0.20297204250421755,0.7966663792065578)
(0.2045354547338995,0.8039895821905806)
(0.2114736472714329,0.7995384171112883)
(0.19067441116480613,0.8020733674414862)
(0.19744454898651853,0.7970034046096266)
(0.19579150290431213,0.7972467392828756)
(0.20319776264219355,0.8005767652968981)
(0.20485773754226172,0.798204069727506)
(0.20050472699457217,0.7908834245001859)
(0.19854897179098413,0.80577927984612)
(0.19457335992982913,0.7981914968943431)
(0.22070762908616715,0.7874062104331867)
(0.2117761148035103,0.7913956493816552)
(0.20317386202541526,0.7887825655542597)
(0.19213167980994114,0.7949444821590558)
(0.18502954858242399,0.8086775455741669)
(0.19693891468116767,0.8014585177167214)
(0.19629275644240135,0.8042183417488838)
(0.18029848577035126,0.8088223946322818)
(0.19063340207799095,0.8005186011586761)
(0.19897114506789,0.8071464584440932)
(0.20219819902205047,0.7951977100190953)
(0.20089711975613433,0.8017972742951562)
(0.1999348281006356,0.8046971414393209)
(0.1966224171478519,0.8040817960530862)
(0.19592634894285188,0.8052678510655602)
(0.18532277343552284,0.8110032796277143)
(0.191398157554941,0.8093343116332194)
(0.20826689111797844,0.791678848391021)
(0.19979660719752065,0.7947922261385444)
(0.1929535230940312,0.8071178858600312)
(0.18983055203659044,0.8029611907856371)
(0.20341419620807072,0.7961601554858804)
(0.2085662844381044,0.807607125023213)
(0.19288966830233822,0.8062310907190362)
(0.19991578598753046,0.8018878236384812)
(0.19550506957886923,0.8076712080709096)
(0.2002660602157083,0.8051255902271022)
(0.19897567428706983,0.802681933668789)
(0.21248405193709982,0.7852905701444458)
(0.19939325583617082,0.7987561025610105)
(0.21060969151090625,0.7985866222082656)
(0.21184080787027756,0.7979894697173026)
(0.23251679141769746,0.7835924530987359)
(0.2221473579344506,0.7963566971139042)
(0.21764785821469393,0.7929265550328833)
