(0.174147626127861,0.7986453441625488)
(0.22864043298039868,0.8005556893550739)
(0.18919486403277205,0.8013877538126929)
(0.21773700301787569,0.8034268759646548)
(0.20377708544154338,0.8006107505962047)
(0.19822791353990657,0.805765889049641)
(0.2208901301036256,0.794120464837033)
(0.1615044749615195,0.8028030012186724)
(0.18654064225860176,0.7978066574957267)
(0.18535577608698317,0.7993538961328961)
(0.24091160439666226,0.8005534659243063)
(0.19100938273811127,0.8000911182758698)
(0.15069973654343,0.8034263861063674)
(0.18885343463555057,0.796744458182559)
(0.22015759204583893,0.8005146581127832)
(0.18197341842554715,0.8011600545961376)
(0.1534084144297045,0.7980540473724544)
(0.1701964664520422,0.8000647170254062)
(0.24205948758926996,0.7976306454314896)
(0.1375040040356593,0.7993277556317071)
(0.194709021279987,0.8006358946343269)
(0.16453913954443147,0.7998960689405272)
(0.17097733299407825,0.7964291820763711)
(0.1264827314656016,0.7991138675054643)
(0.16793871495576781,0.8026689482026655)
(0.22850449791961103,0.8016239738394212)
(0.18696869459297882,0.8032440859287763)
(0.21304929805497164,0.802047258074281)
(0.19002287032956142,0.7959397635598175)
(0.17217055424819883,0.802345263860191)
(0.18018940251316584,0.7962087242619178)
(0.17542157962635757,0.7984512411196804)
(0.21947633417815596,0.7988351328455615)
(0.20758958797319588,0.7990907049517614)
(0.18550742902696,0.7988807363817165)
(0.1984666121658065,0.7994496574750313)
(0.20300307004736995,0.7991894288355901)
(0.18937942842645702,0.7998789295345609)
(0.18763504660234756,0.8038546774265397)
(0.1848498225423155,0.7999358518695108)
(0.17697379712616543,0.7998355982247277)
(0.23206035241085665,0.7997999785487302)
(0.26351260552312533,0.80031093993946)
(0.23146325549943994,0.8023757321823307)
(0.16152056352316535,0.7983111319386357)
(0.22394312289148766,0.7992047274794192)
(0.16795387153403188,0.7985696163028492)
(0.19044903057684004,0.8003728915324557)
(0.21158604109647583,0.7960808715443188)
(0.17401806916875112,0.8016145862624344)
(0.19425107148240625,0.7990148372649266)
(0.23877982669802825,0.8003218775933796)
(0.21923873836812255,0.7976655395442097)
(0.16124106769151353,0.8013411072675634)
(0.17865906359714323,0.7999149186389432)
(0.20544040248682685,0.797795574101446)
(0.21810212837224371,0.8002876312312468)
(0.20136767499199604,0.7999533771041702)
(0.2297513270200992,0.8016961926884925)
(0.21998632634887802,0.8017240967732358)
(0.16567583234813146,0.8052664043933461)
(0.24258551680515572,0.8009948276196975)
(0.23689502120976438,0.8043882724123169)
(0.2463235668472414,0.799089476566835)
(0.14284999753479236,0.8005863020760963)
(0.20458417489604128,0.801827569587184)
(0.2375346907621757,0.7982673340642326)
(0.15490687219332228,0.797703226901131)
(0.1736824125877572,0.7958025475723519)
(0.21008090538114932,0.7994988214391593)
(0.1873405790456728,0.7997307887700588)
(0.18353035460950207,0.8062126354087245)
(0.2654572308590735,0.7990304637170684)
(0.16837924334195703,0.8012468812554326)
(0.2035063735110276,0.7983259831317445)
(0.17355145820968035,0.7976007052336026)
(0.22820060264679085,0.7984946134984529)
(0.2262000351335549,0.796281951820237)
(0.20120932636244243,0.8020974255317382)
(0.22887198134629483,0.7976386811061221)
(0.14082753919600202,0.7993426540071531)
(0.2146290236319234,0.8047863824539669)
(0.20793579486976665,0.7998787849474279)
(0.19280471343099465,0.7999013333169639)
(0.20151263670699485,0.8005127311937217)
(0.2050194808602078,0.794841578750747)
(0.22344604706520096,0.8017662162842945)
(0.17703851188953076,0.7986803001178803)
(0.186676667418136,0.8009778413878004)
(0.2158745529734525,0.8010086417664294)
(0.21658553968967034,0.8017120187109148)
(0.23040909592793052,0.8015420380681799)
(0.2800522158342278,0.795818649912788)
(0.2393258696091528,0.7995616026987079)
(0.17159889052848315,0.8027008238342566)
(0.20363844257766642,0.8028041874530908)
(0.21513816638113636,0.8077897208922921)
(0.21568247113891006,0.7983173930561307)
(0.22691936367098595,0.7970860144566889)
(0.20217575699303536,0.8013063986802809)
(0.24341063676464975,0.8046262058339543)
(0.1698252760031944,0.796960909446101)
(0.1454331123177851,0.8017436306817814)
(0.20536692728042286,0.7998987979469133)
(0.21328782197197407,0.7945850179110677)
(0.18144786024179863,0.8001413218217687)
(0.21395966320874532,0.799202749503832)
(0.24738453637218372,0.8031571770456113)
(0.19477661545627956,0.8017125680968537)
(0.2044144866623606,0.8023271606606066)
(0.19231947032650018,0.7994808795499657)
(0.19774717623558505,0.7995685083262722)
(0.25240616317393577,0.79749158372755)
(0.16974491082042095,0.7989042945113752)
(0.19569866687748852,0.7980862747552496)
(0.2022871777662218,0.8016434840689541)
(0.14598781562805344,0.7972960709610148)
(0.21245594750964492,0.7988551790680332)
(0.18864980914300766,0.800634733226416)
(0.2283540335855832,0.802020580064079)
(0.1572115178455461,0.801415373861331)
(0.25559716062291044,0.800300931705004)
(0.17643634360803545,0.8004234468080949)
(0.21344467740652825,0.7994808805118452)
(0.19770833335882362,0.8008936440845474)
(0.23360804224299456,0.8006348654645258)
(0.17729181560602214,0.7963434357779617)
(0.23734353729901947,0.8014032282007465)
(0.2075393763110276,0.7957553605856399)
(0.1906182364498488,0.8015763074363896)
(0.1941424189074064,0.8001347372138194)
(0.18234369327788744,0.8001165313649274)
(0.21194577792832683,0.7977273865296715)
(0.24744962504378967,0.7973681621653307)
(0.22093897368034798,0.7989616487073471)
(0.20046733688823018,0.805044346226556)
(0.19500071053781515,0.8058077024056847)
(0.19989128171317913,0.8010805525840382)
(0.16994297756333246,0.7947984100746553)
(0.14870542949889395,0.8005584023222094)
(0.16452199676376955,0.7989311335445891)
(0.20067580764379492,0.795570955181197)
(0.16116743257791782,0.8014909198797645)
(0.1827389572321372,0.7938001601769502)
(0.19628107268957073,0.8001025983956598)
(0.23121375037989336,0.798616520197728)
(0.17337041913654314,0.7978958570768199)
(0.17378700484058376,0.8007161780066895)
(0.18947068692339905,0.7966154712651193)
(0.20706849597627608,0.7949039724820854)
(0.19576741177537815,0.7983307966468648)
(0.14499736833802884,0.8012450084540647)
(0.20710093856513664,0.7978194465456908)
(0.2500684350655989,0.798937905086581)
(0.13399238780198763,0.7997073591524263)
(0.2509200980055837,0.8029532073419403)
(0.230098855670108,0.8020481206146594)
(0.14368830311359915,0.8008445891096098)
(0.1869937682234113,0.798140551834507)
(0.198774359992372,0.8022625031120665)
(0.21645087618285888,0.8014141517226363)
(0.18201049516188572,0.7995211067500962)
(0.19641237032067904,0.8010176554276593)
(0.18261250895312856,0.7979952314845777)
(0.1821099411969283,0.7991699313361523)
(0.14930840135911244,0.8012332707620621)
(0.1996731547552031,0.7985053685843051)
(0.22352369720225404,0.801327205203701)
(0.23164813180098748,0.7955232459991682)
(0.22786487488821242,0.8012445800079754)
(0.18781774410280028,0.8009356137119272)
(0.14859151781517813,0.8051685563485661)
(0.21029649306321166,0.8015392382039505)
(0.2569335101498202,0.8039035265608779)
(0.17686443903882562,0.8002055998860395)
(0.22494086648352293,0.7979005799932043)
(0.22386488285146247,0.7998990216967828)
(0.1887896953431816,0.8012276088975222)
(0.1429275592263253,0.8003559683041233)
(0.19385145608553092,0.8006042218747456)
(0.19839139527164792,0.7966483828275378)
(0.19001609455611795,0.7934607596930185)
(0.1794427330916058,0.7990421802793994)
(0.23600054225523384,0.8002824718343572)
(0.20822099797178556,0.805237494557558)
(0.18776938515347083,0.8018786579509449)
(0.2515810471982071,0.7980696926442787)
(0.22165499996635746,0.8025008836448682)
(0.17304545236645916,0.7993264262792177)
(0.19385965129984506,0.8001937682113613)
(0.19179653537547572,0.7996849139682075)
(0.22220618015972782,0.8001877880635347)
(0.19886049211147397,0.8042388134016248)
(0.2007310548090135,0.7988297379654574)
(0.18467043257783403,0.8007911488885848)
(0.17541190771020798,0.8000866416191311)
(0.18817832068930473,0.7980229334416664)
(0.22345418055212432,0.7995130011282477)
(0.17817201842749322,0.8048320035080242)
(0.25979517795359625,0.8019075869851393)
(0.22035353732036705,0.8000960174846776)
(0.19077948841707723,0.8047100589072816)
(0.1775457447274943,0.796359013430965)
(0.20738430492340565,0.8003258489936105)
(0.1401972810111432,0.8040325455720136)
(0.14861465891307166,0.7953695513565316)
(0.22075279195053288,0.7998501203758515)
(0.2173921885109957,0.7985160499277879)
(0.2683874748239326,0.7980205055288297)
(0.18770990014626956,0.7983546781409273)
(0.22231763455658918,0.8060388265622436)
(0.20191543462833772,0.8005023824935761)
(0.2326139869329147,0.8017293561285829)
(0.17556903648355987,0.8000683238171582)
(0.2254964107526184,0.802057114173199)
(0.20519799981848044,0.8004621541388713)
(0.2365048971359835,0.7981358507931913)
(0.21421957048960474,0.8019189415857223)
(0.20251928205192024,0.7969823580145968)
(0.25822575663952724,0.7986936192780896)
(0.20818975965662248,0.8031750313573621)
(0.20611014989382126,0.8005442423807658)
(0.19819198571717123,0.7999405822394188)
(0.21078000770377234,0.801307439422105)
(0.2110251547351656,0.7999393351225229)
(0.23313501737879513,0.7986534236341115)
(0.2084753234786101,0.8021371917493871)
(0.24599411038080554,0.802833009973212)
(0.20937871296342828,0.7987382609950807)
(0.16017141554564943,0.8023370090841283)
(0.19110138702102805,0.7988979915126048)
(0.20443492207586175,0.7965035394206224)
(0.2117236082644879,0.7982976993346934)
(0.18032058116748875,0.799437515079123)
(0.22013254698182708,0.7977674606443146)
(0.19945868362130162,0.7998466367161507)
(0.24820142499334913,0.8017592392137343)
(0.20904564416940305,0.8002232480210716)
(0.18283235977565296,0.8017690466533716)
(0.2502583842758522,0.799638754537971)
(0.2256849591137702,0.7979628923486587)
(0.20162513039711552,0.7981539746624331)
(0.1935004357876654,0.7961303581271308)
(0.1695719371903644,0.7982904019693701)
(0.20774174023979983,0.79872612224834)
(0.19500109751645125,0.7949719597478555)
(0.24027670942349733,0.8003132319937781)
(0.1673971878487187,0.8017117732836384)
(0.22446058262283364,0.79648373149891)
(0.18132317492002922,0.8008500754630108)
(0.17179972811405028,0.797582431204858)
(0.18571521671118238,0.8000375756492163)
(0.20933932159324337,0.795927577351013)
(0.22580145958950462,0.804550388519802)
(0.2119394230524286,0.7984808958219317)
(0.20355239235185338,0.7990906484810896)
(0.172571146096762,0.797341395310875)
(0.2151938450622233,0.8024989917174293)
(0.14509647343356813,0.7966413897895973)
(0.20182943643094786,0.7992391587190333)
(0.20486247143081715,0.7980336679803793)
(0.2500938931649853,0.7977496672841302)
(0.1979332983174199,0.7990999442008992)
(0.21505489988384943,0.8031984725768917)
(0.15808570340834888,0.8008042421914643)
(0.20779172030180587,0.796098944305173)
(0.1698856701109123,0.8010789929600975)
(0.1735194270913686,0.8003713452419063)
(0.2278573254314792,0.8048508074668478)
(0.21317632166971243,0.8015373229142342)
(0.18317643606296713,0.8031033055717175)
(0.21980659043914408,0.802966207424002)
(0.1749541103667496,0.7988886466457013)
(0.21316295390109039,0.8001571352588353)
(0.21737535329108354,0.8016695773571215)
(0.20741221373241728,0.8013686345278984)
(0.22779042460010868,0.7983287544572567)
(0.19470813350963015,0.800997153892011)
(0.21625582739951485,0.8050159181130885)
(0.17635877500079275,0.8019288352686387)
(0.1551732108392999,0.7985004180886953)
(0.1645676737787963,0.796525801006417)
(0.20487520377178906,0.7971118109520126)
(0.2733336728613848,0.8000053561544503)
(0.16153752240581054,0.8015021168186769)
(0.25412049429583533,0.7932994864568108)
(0.23175561237081957,0.8047408219646942)
(0.18202588204229184,0.7987574543996847)
(0.1953142820996137,0.7996220792347332)
(0.25389589196637036,0.7969728265437999)
(0.2166740652678219,0.7974188448124166)
(0.19908598073609873,0.7917549565712542)
(0.21146987935783831,0.8025393956749091)
(0.1581731215474011,0.8036385676278903)
(0.18491981290923715,0.7994617782809049)
(0.20146892443144887,0.7990955012353531)
(0.21602611003798575,0.8019694013765788)
(0.20489398322363353,0.8056743951265853)
(0.2679949807712678,0.8017057083985815)
(0.18928497831421243,0.8018936602801776)
