(0.17959507198870292,0.8179660153052511)
(0.1883897801515886,0.757857201735056)
(0.15908915469751347,0.8440762993714733)
(0.17229095152021937,0.7948992716030784)
(0.17547280956313005,0.8387997003209258)
(0.14538624188391217,0.8314101091908086)
(0.17137114581664067,0.7887940032235022)
(0.20812110639442685,0.8021912872841223)
(0.129366973736496,0.8666612701034372)
(0.23142540666104514,0.7563481987285073)
(0.1720528960461087,0.7988597533957322)
(0.24170594842398066,0.8107523597814629)
(0.20206076116352958,0.7845415415826582)
(0.2718860989764432,0.7791556404955804)
(0.19176031786645092,0.8170630652326559)
(0.20036591578954185,0.80153995752447)
(0.17929609752364037,0.8006259678977683)
(0.17552860342644613,0.8056888868854956)
(0.1377745460987199,0.8099278426892899)
(0.2006680634433024,0.8085022340331459)
(0.1766354657343463,0.8243117244354461)
(0.15059859978814294,0.8091593787382748)
(0.1652209496198769,0.8278956910589157)
(0.17778377897004086,0.7931834575828477)
(0.2316980817864132,0.7751747344743869)
(0.14081086208730909,0.8259287732641547)
(0.19722418613663747,0.8061995271795165)
(0.23851373035904977,0.807190614673155)
(0.19069352019652147,0.8196260442679891)
(0.17999417034630844,0.8289107280584287)
(0.17340621179052196,0.7841993628198841)
(0.1816991276966748,0.8608874484044133)
(0.22750589493595638,0.8321377871591217)
(0.12813677600609405,0.7891978634751545)
(0.17993240356967524,0.8211294883229566)
(0.1777201060654758,0.802210189476683)
(0.2567303904626827,0.7701040819999756)
(0.21761691909588846,0.7945070803949191)
(0.18871433005743954,0.8261541672116485)
(0.15688450709278737,0.847647580358162)
(0.19815317470476643,0.8050204691424663)
(0.17888510681085082,0.8070546325499608)
(0.13101868402263908,0.828264396463849)
(0.19114909083113227,0.8276556169908211)
(0.1891595263033604,0.7839195235728539)
(0.19823917549090336,0.7757180548251843)
(0.15955853036750245,0.8100308581577295)
(0.22668763141976203,0.7865666039938898)
(0.21317968876443677,0.7807973717362034)
(0.21471871378480747,0.807570334598107)
(0.20301342537513772,0.7726342814095931)
(0.20550501063545468,0.7916492990589279)
(0.15237948762701045,0.8152734286791771)
(0.1405414618379008,0.7964977729917223)
(0.22807280854665204,0.7845866845102472)
(0.21782512102310833,0.7969774543485456)
(0.28370393929798743,0.7765190618654706)
(0.16253741390034324,0.7965305825156005)
(0.2788527358333738,0.7885752123831914)
(0.17706559933421936,0.8065547503125934)
(0.18490997095130926,0.8052111225642158)
(0.23917011712013098,0.7844609326585587)
(0.24870151544044755,0.8190793965375815)
(0.20115272970123257,0.7968443989750256)
(0.24650776967730598,0.7760519755967878)
(0.21465235846292927,0.8035953398361981)
(0.2348896303962143,0.7988458428068722)
(0.16481335755048382,0.8174922915822346)
(0.22719418315134943,0.8092836283157862)
(0.23572000336231527,0.7643653218087931)
(0.15256442910855092,0.8272654120486737)
(0.19962917939798808,0.7851125426227591)
(0.2111540419132372,0.7765705343060213)
(0.20414037892840114,0.7823744059851001)
(0.20350892306859908,0.8086159517160152)
(0.2968372886396986,0.8156781114290408)
(0.23638426900554407,0.8229959996315107)
(0.29648538032441,0.7587384860364509)
(0.15106033068082786,0.8070156596419469)
(0.14850138395434317,0.834874386435572)
(0.2213276227206166,0.7960568828801937)
(0.2830476076992029,0.7737321322003314)
(0.1439335914095055,0.8243006599648937)
(0.22294167539105456,0.7869278315849121)
(0.24633396382218198,0.7743412736309166)
(0.20758426780169947,0.7713430100382653)
(0.27934238538206657,0.7294054250199883)
(0.16472390597227551,0.8195903772506454)
(0.2590124547853276,0.8124072767248679)
(0.12771170107878368,0.8548427672951313)
(0.2792681338629418,0.7548194750904235)
(0.20932230555635947,0.8330028550603314)
(0.24445148219088866,0.7876152697919274)
(0.3082131866804743,0.7687915738345794)
(0.21166914423321953,0.8094163559669537)
(0.24899965738245408,0.8149309041455964)
(0.15432738630964402,0.820783980520107)
(0.24325958643636073,0.7691470562948257)
(0.1546056415251605,0.8481577096514712)
(0.17550679930090127,0.8127252546276049)
(0.14213848666692738,0.8126018431001063)
(0.19108856144677985,0.810434914811708)
(0.21898631080868042,0.8090445935815849)
(0.19857074100568226,0.8107878876666965)
(0.20926880584578209,0.7969389607742745)
(0.22159417217060567,0.7833733288478023)
(0.2656273777640238,0.7827290818771399)
(0.2835059323763698,0.8044547756695016)
(0.20350838630328372,0.7944652110848811)
(0.22515233921188713,0.8010319153650428)
(0.2258747478285151,0.7675705060829738)
(0.23723493852858277,0.7770047289854036)
(0.18450121491583107,0.8000033024454616)
(0.2642163905699939,0.7751604085266127)
(0.23611400261041504,0.7793923169037112)
(0.1711041848208398,0.802857605578669)
(0.162882733333221,0.8237828162868073)
(0.19805317818886187,0.7982613242791247)
(0.16255130619610644,0.8112641393178828)
(0.21933511732061228,0.7919824850991366)
(0.16901683168467468,0.8003036502868403)
(0.15764986431098366,0.7993916832817204)
(0.2730698395613028,0.7866803321164161)
(0.15437744331925168,0.813005719877985)
(0.21552762041998855,0.7961877447341286)
(0.23112243964460347,0.7849985335002372)
(0.20216803689659193,0.7849196411954162)
(0.1815205313084516,0.805092836126692)
(0.19543241475748654,0.79352330097519)
(0.19117936412661862,0.802967510994896)
(0.16522470714034573,0.828587810025435)
(0.2095744048610983,0.8007786410401382)
(0.2586700841003477,0.7709617012583511)
(0.15775001408917588,0.8238024242162463)
(0.2703777605924508,0.7959422009410357)
(0.2230501915861703,0.7913935130846336)
(0.21387875096932754,0.8108037510285977)
(0.2099134629114424,0.7966779252957515)
(0.20400811589869922,0.7792147804467721)
(0.242357076667232,0.7703799048922818)
(0.21964254640978567,0.7526339669848565)
(0.19324401617490017,0.8010968871834129)
(0.15370364754576965,0.8224281719734858)
(0.20468847061773443,0.798753544556388)
(0.19054728248215527,0.8349477223853433)
(0.14905494447701345,0.7906413010440879)
(0.2981484704842086,0.727209440595095)
(0.1961728128223747,0.7938583796140052)
(0.2165863566255616,0.7828322968161348)
(0.1824851434871341,0.7964481832224217)
(0.12086781954759157,0.8497725150290597)
(0.2751165694902757,0.7844028300269986)
(0.12897718607251288,0.8617282210949625)
(0.17819314262643168,0.7958777579930754)
(0.16152567269577844,0.8146281125596032)
(0.16836804240427564,0.8033206425461924)
(0.2120924144414367,0.8017450248499179)
(0.2000671865192074,0.8039130290673757)
(0.17384474389969404,0.7741992663215242)
(0.20486767830560618,0.8152576403260015)
(0.16756395652582556,0.7905793752242833)
(0.2439888000077172,0.7762894606111238)
(0.23354401098768313,0.774767600795658)
(0.2248815272612713,0.844135236577747)
(0.2332186434588851,0.8005143356516106)
(0.2241507005895845,0.8104991668534698)
(0.21075551065986503,0.8087750570632368)
(0.185732224065323,0.8365623293460954)
(0.1946272657271888,0.8263364968401831)
(0.19324863327726552,0.8329941682973483)
(0.21048614586996028,0.7800395380944792)
(0.22509436675203137,0.7860452133975581)
(0.18223121358840697,0.8078302899406526)
(0.23984907775206507,0.8076594947525614)
(0.21353131307934983,0.7847152082593535)
(0.16770373182175805,0.8003177103866039)
(0.20063413647403902,0.809679842557867)
(0.25348906134390486,0.7876735307401058)
(0.2732239985789038,0.7867880676571745)
(0.1959995008709077,0.7792495116284938)
(0.2292250513652495,0.7885256550642982)
(0.17697506771313787,0.7974609594754771)
(0.22222388854320813,0.8353307617016232)
(0.2716378595761548,0.7900972444112869)
(0.26737893720033606,0.816305545007873)
(0.10576881468627332,0.8096328091839012)
(0.16595968490540955,0.7933367474130189)
(0.20604100810872455,0.7932565793473428)
(0.1834356042575765,0.7982495468649279)
(0.13102234143171818,0.8550703769798557)
(0.22552180509894867,0.8146612903393927)
(0.24873572522619403,0.7821021486034125)
(0.20870918892625842,0.7854940957514601)
(0.18284163135926287,0.7876997565122226)
(0.24792085100777467,0.77892762628148)
(0.13308227671063808,0.8076784841691078)
(0.26993364064077596,0.8075888976236716)
(0.20716639363100164,0.8060124571800232)
(0.28670513060874436,0.7877216244967745)
(0.20878004934905156,0.7965445790900291)
(0.2459872401158965,0.7732766415226149)
(0.20543807158157495,0.7941026260571782)
(0.17696478491917816,0.8182565601981904)
(0.19513849783541962,0.7901328989926536)
(0.27758748537460326,0.771494232573993)
(0.18637223659266935,0.753582719702668)
(0.1840844282286293,0.7991836256520922)
(0.19407548517173734,0.8140340925533653)
(0.18266209826257057,0.7957929221664534)
(0.16065233495343365,0.8187843739897444)
(0.16353326349250324,0.8046751865494118)
(0.12697312715721992,0.8011548233728917)
(0.15844284543393017,0.8016978911809376)
(0.24835111150870307,0.7619532353870461)
(0.24092432839503256,0.7663545292751572)
(0.2469182363568519,0.7679393166937067)
(0.23490394864912684,0.7858930729177348)
(0.17271179664771907,0.8180381632304856)
(0.15537297406300116,0.8162997909731167)
(0.23464200474521957,0.7720224722958987)
(0.1711169673388776,0.8304037399563976)
(0.18805243048316003,0.8134360767432524)
(0.19748259576953464,0.7871419000994525)
(0.2375557388419988,0.7977294166508332)
(0.12484568436413103,0.8112261803740938)
(0.2135952894234831,0.8211753787809943)
(0.2077290745083552,0.8224802682531672)
(0.23009804490379035,0.7813689384517897)
(0.16590096502410837,0.8228948096823877)
(0.16583373906205653,0.8041224768779163)
(0.2125225642281259,0.8027523124560119)
(0.21703334838042165,0.7934385127668219)
(0.24635787171577064,0.7479682632360152)
(0.2400775384244423,0.7966314577813045)
(0.24452200410111005,0.7919274404744767)
(0.2613639517588481,0.7840357412286599)
(0.1890414597893567,0.8038383424204325)
(0.18488360615937477,0.7520097617499923)
(0.16427851687318246,0.8024828673181454)
(0.12316549782205954,0.8312679018328657)
(0.145361849778325,0.8277258117664524)
(0.2524608764589943,0.7957998457254619)
(0.2356477624011784,0.7776291206549121)
(0.17542102344514915,0.8052730568847295)
(0.1251181594520178,0.8270981402824197)
(0.20978940485693523,0.7778442494085088)
(0.23799524936484,0.7633746749039306)
(0.18734113489903648,0.8180857094754924)
(0.21644376573928842,0.7973590745406527)
(0.27552076042439433,0.7935774828673084)
(0.25652856757710235,0.7828996772667576)
(0.29069155899854715,0.7620797698688607)
(0.15835156678864346,0.8432755475621649)
(0.22213283125168273,0.7906929772393796)
(0.22378821071281996,0.7782202467487291)
(0.23153377043656842,0.7992959112748513)
(0.21258624579425617,0.7811840144335924)
(0.19279205831232724,0.8223566259302452)
(0.21721567480680526,0.8017897696520396)
(0.16745063484882944,0.8088365020769318)
(0.1993896974374497,0.7725265428390764)
(0.2633197280155074,0.7765513639504263)
(0.18982639847752883,0.786662563538525)
(0.1596077808116307,0.8571925452698289)
(0.15312064836675263,0.8255185944184782)
(0.2697281755829598,0.753589337039448)
(0.25537237543602753,0.77117540341984)
(0.21464933243612846,0.8072071280168918)
(0.23963749994245276,0.7963738327065715)
(0.2072407523589317,0.7914456470929032)
(0.2278613630610806,0.7802172713011729)
(0.21346695026626183,0.8068568922867931)
(0.26101664027005245,0.7777919673001615)
(0.1501401934231764,0.829133063000507)
(0.10670846725102578,0.8714638102265079)
(0.23571620722465447,0.7902094053076639)
(0.23041341803297197,0.7864137696216126)
(0.158921068403776,0.8112530648020543)
(0.2928195808082785,0.7913207927923331)
(0.1988625404727124,0.7729434086131027)
(0.20711693002639373,0.835660471081345)
(0.1402082295883511,0.8182078267369008)
(0.1971978510198922,0.7753310656662386)
(0.217150235651223,0.8034876648885521)
(0.2136395763639805,0.7887610042920778)
(0.1864979828662828,0.7950998884172675)
(0.2394314870143674,0.7766374385280002)
(0.15998555381726162,0.8353404207025701)
(0.1625334290109584,0.8122953349517983)
(0.18843218418893426,0.8158514223641203)
(0.18802876379513048,0.8180406934424453)
(0.13547625615444425,0.8443443551831386)
(0.17696288553763448,0.792341802634211)
(0.17857191687503515,0.8126155719129011)
(0.2201902658080944,0.7771547437233179)
(0.20763505519918873,0.8145449367782556)
(0.1887120421236497,0.8079245675626672)
(0.16985775311039936,0.8109990482236031)
(0.15551409436926078,0.8021233103710762)
(0.1899803907408994,0.8262355294541327)
