(0.23583247756933395,0.7516760573268807)
(1e-09,1.043296096364144)
(1e-09,1.0278393344037964)
(0.10510249197076695,0.8583192101316228)
(0.11320132305632422,0.8906217639377705)
(0.11689959780130545,0.8973782617417301)
(0.16654642034755557,0.846394840896232)
(0.21191958980169426,0.7906203412863794)
(0.0847882010989687,0.8804446450412162)
(0.24571427067831117,0.7755925316749702)
(0.13053136577987454,0.8477971341421796)
(0.2043486340802355,0.7968374111671004)
(0.22796352495185299,0.7800153516826186)
(0.13772032304528112,0.8646843541660271)
(0.3980976121184616,0.637793933128173)
(0.22256324272278863,0.8053217929458253)
(0.06687372934588957,0.9229866695554488)
(0.12780693520021447,0.8694150706197791)
(0.1502034041722354,0.8669535738258745)
(0.21720237150231994,0.7942361926937311)
(1e-09,1.0585025551988312)
(0.1488634651637231,0.8731138270421174)
(0.24439859940291744,0.7596110222031752)
(0.18523302061460753,0.8309357331950569)
(0.238778400382237,0.7680026082112925)
(1e-09,1.0730768881554473)
(0.20206965497590007,0.8073869927959288)
(0.05111200514913913,0.9606174098367753)
(0.29857846462832,0.7026554010292468)
(1e-09,1.0075830497569103)
(0.12378172654453565,0.8920116699926878)
(1e-09,1.035984736298259)
(0.14767668695445502,0.8700871385682468)
(0.18337013646484196,0.8381853043477031)
(0.19209113547919268,0.7994068541723995)
(1e-09,1.0837154166388314)
(1e-09,1.0677693312014398)
(0.2038013688312503,0.7776135900962335)
(0.20720567000012668,0.7845207297137685)
(0.14465993837839614,0.846478125088201)
(0.013075797996686327,0.9689417628802847)
(0.09334158720050985,0.9113704169995953)
(0.12449226477751844,0.8467959341430551)
(1e-09,1.0946628614106924)
(0.04391518627682757,0.954124306003283)
(0.13712880440477412,0.8501252898189756)
(0.10042739694277829,0.9143555027323703)
(0.13395458662380594,0.8769838727461032)
(0.09386855036530599,0.9135438715607509)
(0.08985820939605624,0.914430592702884)
(0.055906059180572176,0.9300003940560813)
(0.1627204987516412,0.8276965760877482)
(0.22408236892169922,0.7716541441668237)
(0.16100789485196537,0.8265538496790593)
(0.11162798834217079,0.8815860242118668)
(0.14052859081439079,0.8523629033706231)
(1e-09,1.0222710269483246)
(0.08251175856721601,0.9246935268577093)
(0.10525302221714535,0.9082552635394764)
(0.02976358888947078,0.96611275696118)
(0.03813798442831262,0.9909583554205692)
(0.19638296264384905,0.7804145197383237)
(0.1703558910011314,0.8213521435108101)
(0.1796680231871444,0.8256694054984621)
(0.1213636134544085,0.8547163287642577)
(0.0029094026537648454,0.9577430328122749)
(0.14813728187020486,0.8397046125883071)
(0.07621700364319468,0.9306722763048723)
(0.03913777202665948,0.9409301624933198)
(1e-09,1.0784071468022012)
(0.16513126229025998,0.8528695941479577)
(1e-09,1.0303909004447283)
(0.2049427901350624,0.8205782221598363)
(0.1829211832473642,0.8458986662951774)
(0.012564001132368255,0.9794508889908887)
(1e-09,1.0586490986199084)
(0.0709051604921683,0.9454948348587883)
(0.21409468064004575,0.7891884328912245)
(0.15951571562685418,0.8182800733846645)
(0.14705330610134473,0.8285811047598337)
(0.14286051896645724,0.8608881500426736)
(0.260024969207955,0.7272413237736839)
(0.07846608836658665,0.9386430109439559)
(0.0826013057058996,0.9064727795000348)
(1e-09,1.1362904134174423)
(0.08411835735502486,0.9417392004575806)
(0.09394896547571462,0.8858224317962374)
(0.10684343665586826,0.9165592562420635)
(0.19864529171484868,0.8104595609513963)
(0.10845124277182912,0.9259156912330889)
(0.05991270558422115,0.9278757057600856)
(0.06866391135685722,0.9107939272505963)
(0.05124785048344239,0.9535563506295862)
(0.08167011390829404,0.8950480317805606)
(1e-09,1.0966767163779734)
(0.04287803681830548,0.9562361436626436)
(0.07573302462201181,0.9058352565186244)
(0.238466077245199,0.7727100493686548)
(0.11469396087441282,0.869787597958587)
(0.15615387442127354,0.8115951811618347)
(0.17019115640594035,0.8682734267586303)
(1e-09,1.1340614839094116)
(0.08119387905207887,0.9388485821076729)
(0.1583757010847675,0.8729708778223139)
(0.22091878942233836,0.7987864118528519)
(0.2431898751926946,0.7574084903901556)
(0.10979547706033085,0.8983216725066107)
(0.23270183362153551,0.7391450641915949)
(0.2593107574911513,0.742989281363994)
(1e-09,1.181656476143322)
(0.24271478075250735,0.7554598010753811)
(0.17674100039597612,0.8265056291910859)
(0.22548847745852982,0.7694468510785925)
(0.26281154414823643,0.7503585459312279)
(0.08693599619129352,0.909472227397517)
(0.11613454743176235,0.8774619271753007)
(0.22384428789999516,0.7477578051556918)
(0.25926775100612465,0.7400234155139779)
(0.10479701416163846,0.9156036008865515)
(0.09944934654978775,0.8931966593401549)
(0.1447001085911641,0.8652073168590139)
(0.05909075084907547,0.9447877869043154)
(0.1216796042067429,0.8807759555940565)
(0.011492585542487128,0.994153637779519)
(0.04069291846395812,0.9396100765195828)
(0.16813947167931761,0.8422570989763991)
(0.0839173637623582,0.9455698939651491)
(1e-09,1.1079347510772026)
(0.14980890554125764,0.8535113402270349)
(0.21518618977324297,0.7971842560686646)
(0.2247277060343563,0.7765431059130208)
(1e-09,1.0729682656299735)
(0.043657175888248016,0.9811288881552024)
(0.10952689720304458,0.8940929024486254)
(0.1975084241463563,0.8340117124929557)
(0.07507085096026767,0.9321167705016625)
(0.15338719645027069,0.8212523710462181)
(0.2150625549550818,0.7694101544438167)
(0.13971100359104655,0.841029018594184)
(0.12494336759124951,0.8807144933030054)
(1e-09,1.0226742774442301)
(1e-09,1.0507950427650259)
(0.12950276484122447,0.8679678650077317)
(0.05044205813596464,0.9248699940645867)
(0.021078150868668932,0.994326676777909)
(0.09784172141683843,0.9125135678977699)
(0.11393554479886574,0.8513869615605973)
(0.2556529933328734,0.7283158131023441)
(0.0654474968667928,0.9410959792769681)
(0.2148599998588821,0.7803116186094251)
(0.12526233941318407,0.8525414715802542)
(1e-09,1.0117914787951745)
(0.1650695282053048,0.8460106829082206)
(0.07185003834402838,0.8997385367322407)
(0.24502998719692676,0.7456861443243284)
(0.22350098911330282,0.77152555336462)
(0.10969540172053069,0.883638411530369)
(0.33586986808523583,0.6590935509467227)
(0.3308345200606615,0.6845279832146921)
(0.0875494999660536,0.926422969589222)
(0.21213262885750708,0.8365349275953039)
(0.009138447335544725,1.0050458384361212)
(0.27501734952709694,0.7160583986658448)
(1e-09,1.0523121579963457)
(0.05785148593730026,0.9182415935190326)
(0.14049867660477916,0.8609761905641993)
(0.171435836697371,0.812134478023496)
(0.0806532669267287,0.9268556385421487)
(0.12409150351933773,0.8558541098385931)
(0.13343769695469562,0.8763748916738421)
(0.007720232584065862,0.9747299468314254)
(0.0024246603778825624,1.0356807951011542)
(0.0975632197460869,0.9007186790883429)
(1e-09,1.029365698952037)
(0.2161518842093859,0.804331105712607)
(0.019386011071248,0.965636631149658)
(0.14343683666886517,0.8624257671532718)
(0.13564855931245734,0.8605313118231797)
(0.15280915943462073,0.8678390340062738)
(0.09158298572662554,0.899289739762636)
(0.05903297479675079,0.9082063810585403)
(0.06502428466264674,0.9246416117705193)
(0.03671756347062398,0.9635544487592415)
(0.2142695260585501,0.781720672984944)
(0.09637139883380264,0.904763489354651)
(0.05417667471274748,0.934196737152977)
(0.1140348940159277,0.8967206628142075)
(0.011749884916351884,0.958942996036167)
(0.04097753412192334,0.9520556353813485)
(0.2195663947867058,0.7699795001639457)
(0.0924280569586564,0.8740309115682233)
(0.15654444450193986,0.8501259498286128)
(1e-09,1.0580491254471187)
(0.14983917400706287,0.8394689300535798)
(1e-09,0.992692891404958)
(0.0050999758437515795,0.9918023132058423)
(0.09470248136114422,0.8833305596724796)
(0.05349399792058022,0.9532379898074784)
(1e-09,1.0750289390167571)
(1e-09,0.9991330853997976)
(0.1536419013542224,0.822017689853253)
(0.28953727700641607,0.7009327345328621)
(0.19993589078882856,0.7929964901742164)
(0.17054648755791837,0.7898417249549435)
(0.18662090819716298,0.8061560773186484)
(0.10919895484030251,0.9250519617632617)
(0.20417876155977388,0.7833807355005004)
(0.17706061870443965,0.8312575062842424)
(0.030009169245557687,0.9584152863730975)
(0.14414263004283542,0.8388692374805569)
(0.08608537986301808,0.9436858912875244)
(0.04079245287928381,0.9582325537058191)
(0.14196091190648386,0.847733494832183)
(1e-09,1.035770846668417)
(0.2404028339750122,0.7936007686652837)
(0.23409080304872748,0.7639297641252965)
(0.09953006972130553,0.912700442875768)
(0.08015096379370634,0.8695466084775858)
(0.2606155398401099,0.7218115965827012)
(0.08227647849869939,0.9083908860256946)
(1e-09,1.0257530106842365)
(0.3283779986482626,0.670515063150037)
(0.09267805076118264,0.8973006358402834)
(0.05364443051236595,0.9606944192601777)
(0.21870304936292514,0.7661697316374948)
(0.16045437084046402,0.8575929796366989)
(0.2077231021883674,0.8067076406903673)
(0.08180412882860216,0.9100313449911995)
(0.09007528569877794,0.9110734624591031)
(0.10085129999361353,0.8994679797410405)
(0.12454701773935833,0.8547037110854596)
(0.15892715243641486,0.8502336417709885)
(1e-09,1.0499155236521693)
(0.10076454693167144,0.8976626893216293)
(0.0014627413876766512,0.966743992409007)
(0.13606847663798477,0.8810308476200361)
(0.0822343851994303,0.9137554168923253)
(0.024074705035296257,0.9885904736448557)
(0.19977408146695885,0.8053881690663501)
(0.08354515059584008,0.9047583257067102)
(0.13407424761575565,0.9003418548718423)
(0.14914599578812815,0.8808855697321449)
(0.16884137018109605,0.8364908326169214)
(0.017535785628853627,0.9508510899361371)
(1e-09,1.1715594077554663)
(1e-09,1.0214111943093118)
(1e-09,1.1089517269786835)
(0.2788192437534106,0.7461515490344071)
(0.26770900481336624,0.7636045402919783)
(0.14300163207854422,0.8513365011493175)
(0.189669817943703,0.7811731789496341)
(1e-09,1.005336081465787)
(0.1375851541665159,0.8588206619243863)
(0.05827904936010608,0.9273613761508986)
(0.22893405369141573,0.755888270285627)
(0.1938120849871151,0.7810898264229045)
(1e-09,1.0282081574764612)
(0.10594723512172385,0.9120804166709205)
(0.342207492229278,0.7003323931339883)
(0.004038966620176256,1.0023941699633714)
(0.21033994215150104,0.7909764372885112)
(0.03619805968001321,0.9614055436878617)
(0.16710448359844016,0.839396433200634)
(1e-09,1.004503732477368)
(0.21795976956650145,0.779325725045019)
(0.016382414190651715,0.9884033977850507)
(1e-09,1.0050425854628229)
(1e-09,1.2752648589061935)
(0.04384307650610634,0.950494450941573)
(0.23524343130478184,0.7672981850987942)
(0.05106809974135617,0.9316273960937693)
(0.004695454364184002,1.0019118299695629)
(0.06922131195820239,0.9441392512200435)
(0.16995023105030427,0.8378342013936588)
(0.06147342085772747,0.9202910430589574)
(0.10535575010521536,0.8816097576770291)
(0.11963588653356699,0.8705764733219895)
(1e-09,1.035104917770589)
(0.150222289702658,0.8560178489774222)
(0.06507939275320017,0.9565087133320075)
(0.036766454254872016,0.968097199463201)
(0.2547180325377018,0.7570541670919791)
(0.210915594349566,0.7817132332366917)
(0.11783207941230692,0.8504287316016048)
(0.09485848123922938,0.9414717457595864)
(0.1431048158152165,0.8408624876281504)
(0.05785930809240393,0.9585040140338712)
(0.28247612011647427,0.7235190806044334)
(1e-09,1.0141738317275568)
(0.10603362647839348,0.8832500807867479)
(1e-09,1.1726546763465981)
(0.09888689637547861,0.9124427462369887)
(1e-09,1.0456378724927096)
(1e-09,1.0867789953582563)
(0.006319091399412617,1.016810447765448)
(0.029759971435836353,0.9535789906103662)
(0.10933079577421041,0.87408396939468)
(0.14793639540227782,0.8465358461636903)
(0.07614393862607198,0.9318789514396651)
(1e-09,1.0182972370694063)
