(0.20265398248015748,0.15351463860073383,0.032858619565827495,0.670322926679087,0.032858619565827495,0.05769316200287334,0.1703824699621835,0.1630824023084867,0.6620821246684109)
(0.08808296402065582,0.16621739909964653,0.13643350852573025,0.6829971502747058,0.13643350852573025,0.17169015376576927,0.08841584289413515,0.10996278744341516,0.690248071631595)
(0.11720333699524618,0.0361644134770327,0.18652631752551385,0.6836139370800453,0.18652631752551385,0.1299581084558551,0.09395907892618025,0.07969491595221023,0.6872659615771174)
(0.07981778896813688,0.06123282679039972,0.04525798989381123,0.64167466281716,0.04525798989381123,0.06426618176217205,0.07931914210753514,0.07905157969065897,0.6443424692512895)
(0.13597038231153952,0.10271379177837586,0.16463291516776593,0.6440563254760034,0.16463291516776593,0.07299793906103821,0.09161272366089132,0.08045016712057762,0.6526536951379398)
(0.0785300375620359,0.12374099013408384,0.08812693479990913,0.7399091105521224,0.08812693479990913,0.07139915822521573,0.07205376042056158,0.0858532458627515,0.7394388953998712)
(0.1182195564648799,0.12468191995279466,0.052240586633262226,0.68251423711085,0.052240586633262226,0.07227215398436641,0.08376365529416034,0.10602815780124664,0.67652113505754)
(0.10274738314631046,0.09943520998367328,0.04537255194742247,0.7307864828160388,0.04537255194742247,0.07090638627770057,0.1525596250001242,0.09423292122311498,0.719480791576854)
(0.05501044255082449,0.06628380365897438,0.10555680579119087,0.6946812791034626,0.10555680579119087,0.11614757636314907,0.06301805345935292,0.0722045558010818,0.6917001784287827)
(0.2725960995699317,0.07824244204950158,1e-09,0.6804978624322648,1e-09,0.11067490625436414,0.19337292583586924,0.11433753159914851,0.6649481023387701)
(0.06702259353376963,0.06226657127528077,0.1756764528293331,0.7153486768124603,0.1756764528293331,0.07019969160508303,0.11120112404901167,0.07936144745269273,0.714727861629082)
(0.1150533136196698,0.09009224427826845,0.06904845281091242,0.7364713676974763,0.06904845281091242,0.15834532931428355,0.16064536334226212,0.11802189098720414,0.7245883045454166)
(0.09988639751911794,0.11576731040659882,0.07879728351393113,0.6752218507326296,0.07879728351393113,0.11745332933138034,0.12058026049201241,0.11306232714876324,0.6661887296848572)
(0.13647918547486504,0.14835834896833522,0.0919563554007261,0.6447918556520024,0.0919563554007261,0.06194190121504842,0.08167165892952544,0.08497282567781907,0.6614710158556603)
(0.2389688307935907,0.1325113271264936,0.06186485889917349,0.6623638703397723,0.06186485889917349,0.1597817425294275,0.15375834156749071,0.09514466877240997,0.6712786170318207)
(0.05173166579302787,0.12582670982958666,0.06414692868101035,0.6665245376074066,0.06414692868101035,0.11154999940618476,0.06688507994014226,0.10121442640197902,0.6685698427917186)
(0.11550768465953504,0.09669314378103598,0.09108017310943921,0.6667921742444076,0.09108017310943921,0.06892789609979721,0.09854742946105098,0.0647720255452311,0.6642037746411148)
(0.14126243289659918,0.0727779829725786,0.09498028062650796,0.6980576718615228,0.09498028062650796,0.04308371044276703,0.1385135562001518,0.12190387840819836,0.6927697899689961)
(0.14020314525963296,0.055816322170030026,0.12315238823122043,0.7161385488824968,0.12315238823122043,0.11807770056706689,0.0968764456910635,0.06386766082119547,0.7124229611880591)
(0.133416917134427,0.15257771268596598,0.07773565947619743,0.6836626327697466,0.07773565947619743,0.07849609492322313,0.08608083014721078,0.14457699456181342,0.6685456997622675)
(0.13030014636590273,0.14921969078787656,0.12655992105036964,0.7194962354713942,0.12655992105036964,0.12827551777160476,0.10907325162288883,0.17572414019653826,0.7183609914006375)
(0.06187060620491887,0.1062582625775014,0.09782715422664633,0.7185676590153106,0.09782715422664633,0.19363922350693105,0.08034093011216326,0.10967346611589573,0.708655002554641)
(0.057713300618534254,0.07045494406429663,0.10901747966893265,0.6405553659024443,0.10901747966893265,0.07903828106306238,0.08916207881181297,0.09548834011642439,0.63649525368139)
(0.11191785958640692,0.05945881461444494,0.03846722456708525,0.6947469239229779,0.03846722456708525,0.06523927601276715,0.09717042173895885,0.06943077750036547,0.684995616334013)
(0.04689781143450794,0.11121877523809129,0.08281998188202518,0.7103510050378502,0.08281998188202518,0.08083560263824104,0.06385390338100151,0.15219395940301814,0.7164697546330461)
(0.2173848404680933,0.19366634251746706,1e-09,0.7072746270718647,1e-09,0.11821823912335604,0.06143543175842483,0.0966739581200836,0.6594097672306547)
(0.12184475377597839,0.13707715776857515,0.10865300698139144,0.6960991258470713,0.10865300698139144,0.10128843825946646,0.11057094871447905,0.1147091644633529,0.6923372064472362)
(0.13577212198538224,0.13967864223375417,0.0993557079388861,0.6882415970990385,0.0993557079388861,0.06966820476093724,0.06954484849933967,0.13126408415530857,0.6969165442778357)
(0.16795399758481222,0.07731009607595825,0.09135797629282022,0.6772191355112909,0.09135797629282022,0.07776244431548018,0.1427766650598638,0.09829803226516569,0.6896081996229538)
(0.08027683513760678,0.05723119555648811,0.14842097438995397,0.6930404438064373,0.14842097438995397,0.08394442271671405,0.11625520998429946,0.06691660125620223,0.6938582517626166)
(0.04100170667967946,0.08756774475660582,0.06714898838811696,0.7156204694971278,0.06714898838811696,0.0671069551031458,0.06976686362651842,0.0899456197233757,0.6971257222561019)
(0.04117068840677292,0.1062316836217666,0.11374069910449171,0.6975446611454736,0.11374069910449171,0.1734631734160768,0.07352386749108687,0.10864031844259817,0.7032672419844396)
(0.13341516395450853,0.15068489911039493,0.03369192474845896,0.6928247907584935,0.03369192474845896,0.07370688063134778,0.0995487267981347,0.09234886953828035,0.6951113218108191)
(0.17777650700718822,0.10413394149929328,0.055351017802266984,0.681206654364249,0.055351017802266984,0.11984078640878837,0.08459511887481339,0.11427945484472721,0.6719654394675958)
(0.20888691117894592,0.08018625665492923,0.059577940948076065,0.6885312992696891,0.059577940948076065,0.07299526938924131,0.0697882130577759,0.07689846216089907,0.6815577402688822)
(0.12976484095776847,0.16253256466446991,0.012386586025030049,0.7059112357464018,0.012386586025030049,0.07213284148497365,0.07758104238492002,0.10353322679543529,0.6978775785520425)
(0.0702022661282369,0.07968705251315195,0.10201616069414603,0.7111941072876963,0.10201616069414603,0.06730154561759653,0.04023959961656721,0.09136547260082369,0.6942640071692608)
(0.1347685641465998,0.10545876371154254,0.11719388235821293,0.6585809642454927,0.11719388235821293,0.0922326598730366,0.14937876683884996,0.06957583500398239,0.6777601553371769)
(0.1311429658743241,0.15759005799827794,0.046873907372749206,0.7373299566581162,0.046873907372749206,0.07415289894039793,0.09459592610108337,0.15159650180224216,0.7297101269073734)
(0.14440690735578782,0.09507503603720184,0.06264151044507575,0.7116505654323576,0.06264151044507575,0.21114125781015328,0.16927787187929816,0.07836524110279341,0.7102520553994601)
(0.14942124337666132,0.08816696809159437,0.07120365733038964,0.6716371913595919,0.07120365733038964,0.12710066502466383,0.09173714362781854,0.08677712759112824,0.677249182310118)
(0.052668862325478745,0.09954975938523279,0.06211590716058988,0.7437407741307505,0.06211590716058988,0.10522183343012399,0.08074405772150012,0.10187157808063665,0.7307331099582061)
(0.10798421457693937,0.10953101088905078,0.07722670214723731,0.700858282602083,0.07722670214723731,0.1281109383699752,0.09049060417341054,0.13226847362659322,0.6921914111232227)
(0.12881948544783792,0.07300139597778796,0.04295052933592299,0.7560543808786356,0.04295052933592299,0.04775749036709456,0.08215197996117089,0.06851180695077248,0.7597369771929354)
(0.09476797070262302,0.09192520219273184,0.020585034007406626,0.7382256729455509,0.020585034007406626,0.12589931814230532,0.10763968977980665,0.07253425021594802,0.7358365692540637)
(0.17391156796273377,0.043466029535179675,0.08245291800329446,0.6881479391968737,0.08245291800329446,0.09977499671466146,0.15147800881005252,0.08256746984234448,0.6684133290113782)
(0.08492258982233686,0.12933908961577875,0.11909064242103645,0.694255491705739,0.11909064242103645,0.08999029222703234,0.09384641499432178,0.11844998319533312,0.6982347279771008)
(0.08280454229098468,0.06933225463509382,0.11633488966021548,0.6984783430965253,0.11633488966021548,0.10297114945724639,0.09755456304474328,0.06792965973501226,0.7005542558647481)
(0.12153365428427272,0.07766060703938191,0.10420150804168668,0.7260634996401254,0.10420150804168668,0.08459879618535308,0.07403733873683543,0.11399104966198717,0.7230038203165682)
(0.11939595408547994,0.07108767854983271,0.10266234737444592,0.7283135073986267,0.10266234737444592,0.05702512843105616,0.11243407988335746,0.08394525336064503,0.719943520493696)
(0.08142131402524456,0.08287484132597878,0.0820192281003137,0.7154698498960128,0.0820192281003137,0.09508106272594102,0.07578417254918145,0.08141732053511726,0.7077733302635545)
(0.07518309894653226,0.11359101630137677,0.08946523334554608,0.6600293107009787,0.08946523334554608,0.0902849373946236,0.15838924155855205,0.0901209079966539,0.6760651556052898)
(0.06228261662125205,0.10991214401978426,0.14528785438521236,0.7092814553825102,0.14528785438521236,0.1128272941191067,0.04560672088920231,0.07651155086821908,0.700335866955891)
(0.03531003932297348,0.07391533744197974,0.17022500074618954,0.6781047307644428,0.17022500074618954,0.06960644396740687,0.09623266037262922,0.11952387110341346,0.6846647923479136)
(0.1376867437424258,0.12036919398446015,1e-09,0.732104411674587,1e-09,0.05394832724096278,0.07042309197699709,0.07391531168782418,0.7128288964107061)
(0.13353680344507277,0.06345045016833743,0.1461236109467211,0.7139709474945914,0.1461236109467211,0.1433977527082836,0.17613869164435897,0.13125822236126533,0.7142621628492439)
(0.11061340128911229,0.07002901482071607,0.024025434099204095,0.7231896126576515,0.024025434099204095,0.0979529367387615,0.09650773568779698,0.07771797557593324,0.7100109924717811)
(0.09353641561526746,0.07176004675078572,0.06471986414334761,0.7256948919938621,0.06471986414334761,0.10319421126460325,0.07919324827379373,0.10359763594376858,0.7139755888149475)
(0.06139468339042954,0.060778792008049934,0.20105418455635923,0.6563049196243262,0.20105418455635923,0.10489498022828037,0.0879215214384518,0.09893631998622955,0.6704005169774868)
(0.10252031354837968,0.06186021252937199,0.1044846706588612,0.6581582355593268,0.1044846706588612,0.07699114456813612,0.09742793413935162,0.0655523579288391,0.6687560428050809)
(0.12141962133334132,0.070494132127368,0.14759824026619212,0.6794738525221763,0.14759824026619212,0.15031814956689554,0.15207989606793915,0.06636549801266758,0.6825073056993999)
(0.1466122730024026,0.14024641589587983,0.03863878230862401,0.7117378751072829,0.03863878230862401,0.09365887996924054,0.08315341286311409,0.09583946938619954,0.7079765118466587)
(0.1023829116460799,0.09518798055422353,0.07479191935299576,0.6952729101542688,0.07479191935299576,0.07609213335284146,0.09579817658629165,0.11091986253132571,0.7021129823521279)
(0.10247252771440638,0.1605870521572661,0.06422814340062157,0.6534805617712176,0.06422814340062157,0.08642873207720168,0.09009122038133587,0.12796250746383084,0.670276977151)
(0.06470873570614703,0.12012841624766996,0.050244377851484855,0.705216617177573,0.050244377851484855,0.10540559148141256,0.1372476722014032,0.2316858360546045,0.6937216551821428)
(0.1050256321778615,0.09786020849575461,0.0980405118211522,0.7221698527979021,0.0980405118211522,0.08681128394092537,0.09155622651480963,0.10185618169699315,0.7202393309417912)
(0.06833748539718368,0.10511585501230454,0.14430085835558906,0.7242180615315991,0.14430085835558906,0.2389139929657202,0.12442987323382809,0.10691676606109579,0.7223915539653545)
(0.08904397876898658,0.10504064893797604,0.06645397268636215,0.7017427456543431,0.06645397268636215,0.10222021138514012,0.11433181476094495,0.06686993872185286,0.6956064774952075)
(0.11817476083056684,0.14530164524907388,0.092787583075422,0.7143030057946267,0.092787583075422,0.12749885586667167,0.10950187327538916,0.12583817198979458,0.7249756241694663)
(0.14703206752689227,0.13901832492840865,0.04562346277436207,0.7072602877824515,0.04562346277436207,0.07882952824480641,0.08660227398591297,0.10540981273546587,0.7050380984579815)
(0.0021594188872823463,0.08629086733609174,0.18785615767725708,0.7214376501933732,0.18785615767725708,0.09504529479081937,0.07629309725321747,0.11482411407743616,0.722285280065888)
(0.13327517447235143,0.11580882169654838,0.09166177593510395,0.6743573499016168,0.09166177593510395,0.09453271201377515,0.12532380645266747,0.10040140043051815,0.6824233817119373)
(0.14013764614920604,0.10265797088070144,0.11733678795179638,0.6867580515982443,0.11733678795179638,0.10840561073261276,0.09566526028158145,0.09808771195715843,0.7087656968754854)
(0.2324370388801576,0.06883645963639057,0.08981094418551891,0.7175133646743611,0.08981094418551891,0.0983082658854301,0.20347150977943787,0.08403211984259282,0.7182750151201558)
(0.04736202850457638,0.06511351324951635,0.1328771455908627,0.7188734362216971,0.1328771455908627,0.08689574328433491,0.0674708329209282,0.07635856327049625,0.7056950455308758)
(0.09475291190650434,0.134383295502624,0.08998369419813106,0.7211114310050384,0.08998369419813106,0.09839248708324416,0.09195719363239616,0.06888377227015775,0.7139801524209913)
(0.1701310459158476,0.14142710716050866,0.03320989885292933,0.6932958341495884,0.03320989885292933,0.06423949462173792,0.18672325235411352,0.11733932656724916,0.6920708518855516)
(0.12889605207863206,0.14136740291813504,0.088602519307047,0.670735969646861,0.088602519307047,0.08211554314775966,0.08164533963916344,0.14358076395598976,0.6708689829215627)
(0.09229493548574842,0.062100791283828345,0.1575866093899051,0.698644581531169,0.1575866093899051,0.17067637284820303,0.07342804850190385,0.06099029434549676,0.7120328975759084)
(0.11496155887786404,0.06587078596622724,0.08950895025803242,0.7061260796829377,0.08950895025803242,0.09358072068002059,0.0643078181763937,0.0758861353328505,0.70352047236352)
(0.030030248798258528,0.052602766059121085,0.21010658471085505,0.6732977426678414,0.21010658471085505,0.0868212340429155,0.09861236878367322,0.08183948471830961,0.6818927743042953)
(0.10120767994821693,0.12752727955793774,0.09148682786863803,0.7566954737679126,0.09148682786863803,0.09739892069193873,0.13311929555765967,0.09182930868880704,0.7400371811933073)
(0.039272647040667324,0.08489295895063302,0.13524591469811761,0.6975226717694254,0.13524591469811761,0.12837470497603845,0.09226154016584426,0.0823062336468842,0.6951716086635389)
(0.08082739582002967,0.1384269479335422,0.09301151736544591,0.6962666918370422,0.09301151736544591,0.07945001969914528,0.07590581781645424,0.09154469023954044,0.7035904514222112)
(0.11910211790397876,0.07759176490784034,0.07298704573089791,0.6994179190255398,0.07298704573089791,0.08556548136563168,0.09803577585184228,0.06592719317398811,0.697156980018297)
(0.11658391783314274,0.15905501920868614,0.09647774235728154,0.7099698882824242,0.09647774235728154,0.08764441723895208,0.13456340934664027,0.07484069066103104,0.7114154401569592)
(0.1079718455688645,0.10311800158734902,0.09216439527385471,0.7093646536183644,0.09216439527385471,0.0849371331125926,0.13997949914293809,0.12452475322464655,0.7015320546918179)
(0.10181697809067664,0.08596529079442151,0.11790792912400413,0.6953330034058006,0.11790792912400413,0.34020188235021637,0.08530925832952081,0.08241367268953123,0.6997915116412288)
(0.13322594446196392,0.06590561882616185,0.08031490449638669,0.6927963823101557,0.08031490449638669,0.10088825096288133,0.11300753515677385,0.06843290896385895,0.6836231883897882)
(0.05160955215445788,0.09338933721453817,0.13929781102205605,0.676516564425325,0.13929781102205605,0.10296603955693415,0.07900210771117792,0.10430875235661423,0.6830396563224342)
(0.13433785136405213,0.13193538846551778,0.10557275434633204,0.72195842106156,0.10557275434633204,0.09942683754104024,0.08210801824240449,0.12255156229213095,0.7215474419977238)
(0.11771374532723718,0.09897749861924598,0.15061354711746508,0.664839836597305,0.15061354711746508,0.0828385968768484,0.14775912987822493,0.11769171410806659,0.6623778308501671)
(0.0622766170008004,0.10827959325351988,0.09086053013671967,0.7368652081860808,0.09086053013671967,0.11543427114367728,0.11253629051336489,0.11079256438314622,0.714822768799638)
(0.15510419143899787,0.08501832712567309,0.045697707347288584,0.7127231169426247,0.045697707347288584,0.09054639075168812,0.17667483241532128,0.08782027846422485,0.7118928482338321)
(0.13601623790705689,0.13070431469818222,0.017448980688208535,0.7196634002023097,0.017448980688208535,0.08144972301910508,0.14480048410251203,0.1378524450350547,0.7245743927208085)
(0.048173535712423145,0.19680812926490734,0.09544961286665397,0.7303076292891437,0.09544961286665397,0.0842392561628876,0.049786398716258444,0.10030090417213358,0.732461451429735)
(0.11614652049046913,0.11574109796455125,0.16724232092322255,0.6520667374417111,0.16724232092322255,0.07341215756890736,0.09869099551931003,0.11062821010703262,0.6632917620417491)
(0.19644164380223936,0.089634652720907,0.05005470900346075,0.7252758751571737,0.05005470900346075,0.07640952111501786,0.08344131262646098,0.09267858775220462,0.7080725846797291)
(0.16689970049419803,0.10338516553898162,0.1313636824131932,0.6840303445027847,0.1313636824131932,0.0945118379266466,0.12680899677711535,0.0790993302505995,0.6985699021677559)
(0.12921766585770303,0.09536739104897435,0.13614926557036197,0.7102444385080844,0.13614926557036197,0.14886067849583795,0.16674715478510016,0.13858935534042807,0.7174654756270051)
(0.09517876678841167,0.06489355638632521,0.12622705558600608,0.7000966331508602,0.12622705558600608,0.09091351927473985,0.07669059643165241,0.06718431860421974,0.689963333026635)
(0.06028334616633881,0.10419522211534632,0.2083648761759654,0.6779087244292747,0.2083648761759654,0.14680061058400645,0.05324382260900853,0.0891548493644057,0.6882844811699169)
(0.07225616995615555,0.0857931776739371,0.1724069677973966,0.6591296695032773,0.1724069677973966,0.07955526755357527,0.17294720165865293,0.06879685119957722,0.6797895139354152)
(0.07481824832900909,0.08253421991078334,0.05399573592542478,0.7410792714875158,0.05399573592542478,0.13441274881222193,0.06546320268916965,0.09015670496730747,0.712072409689435)
(0.11583262205232103,0.11219547388595039,0.06950030168242975,0.698301065062661,0.06950030168242975,0.09108943165041425,0.09563754669089038,0.08928803802465368,0.7026368989966493)
(0.09794459759897606,0.21091207934380077,0.11528562461210907,0.6960068589863614,0.11528562461210907,0.09487493188162334,0.25033813913808833,0.1411804119186862,0.6986671085776476)
(0.08117635793400985,0.0636752953909309,0.07189095652825969,0.6796629364831287,0.07189095652825969,0.06406527870488717,0.06697862810619572,0.06465433370913919,0.670521855676209)
(0.12317525918750868,0.07899776774383938,0.14749531769791502,0.6516814609638298,0.14749531769791502,0.13281626207058633,0.10714102733251507,0.09275712156588845,0.6684489898944773)
(0.14742204889087934,0.09331014965553736,0.10368250425375254,0.6740784959739808,0.10368250425375254,0.09277606374460964,0.12159417797154688,0.07522220829198026,0.6854909187204491)
(0.17145002954508853,0.08926561737498016,0.06177953338962028,0.7101585753505867,0.06177953338962028,0.08310571839635217,0.15480701251736065,0.1018617682488277,0.7062986389897735)
(0.1715778171634329,0.07235233877382637,0.12371391514181919,0.6666786706670231,0.12371391514181919,0.18338088943878447,0.1768000643286461,0.11043067019961816,0.6715403299298768)
(0.09984046249072834,0.14153603907986761,0.054319998814003546,0.7164801850965967,0.054319998814003546,0.06226350928102539,0.06863344414028717,0.1300363116203898,0.711481030882527)
(0.12721679383493978,0.08062845650152992,0.12097963642975676,0.7341157225516413,0.12097963642975676,0.07306256587847175,0.10492299837714358,0.09540511907964071,0.7309242847464513)
(0.0798847269151983,0.05263028952034649,0.09045552526144632,0.7240704954218949,0.09045552526144632,0.08628398435292718,0.11654366901881963,0.06522019472361947,0.7028099231055328)
(0.1550928144686588,0.10690756718827785,0.086953736186268,0.7084487271033844,0.086953736186268,0.16587446118624805,0.19039456225140372,0.08349131180289926,0.714142273466507)
(0.07301081553398166,0.13815813310110808,0.15262208734580238,0.6952130927107828,0.15262208734580238,0.0732543716612609,0.10896860553867557,0.12208889036117629,0.7163444557133017)
(0.05570557903191483,0.09429098527080078,0.07194366297300701,0.7345915623358757,0.07194366297300701,0.12477094519585186,0.08049500088868279,0.1832292695371259,0.7276312664016946)
(0.08700472506663993,0.15841199597124958,0.07292040109883353,0.725911970110366,0.07292040109883353,0.10281440942316256,0.08011092563328752,0.1266638620992113,0.7334868413457347)
(0.09618581417902096,0.10996180723338479,0.059489569448945165,0.6908750116296061,0.059489569448945165,0.07924409288117565,0.10312757383260167,0.11457801623725157,0.689983356305395)
(0.068034917575704,0.09214298965608198,0.08847257278788793,0.6640977599599347,0.08847257278788793,0.0981645890567232,0.11606046152279438,0.09746955951762536,0.6769967266082574)
(0.11985812102251697,0.12815035685190845,0.024040196501886494,0.67610706500785,0.024040196501886494,0.09738237566762166,0.08841923114434007,0.10750488113407886,0.6842623246581493)
(0.09936123607984094,0.09951938490290108,0.07883777443327404,0.6887566995296505,0.07883777443327404,0.10170793928264706,0.07832957600050819,0.10064619155586124,0.6679303551270507)
(0.07873975915164859,0.07059242286818508,0.052773800682106776,0.7010604953732612,0.052773800682106776,0.05313168397024965,0.04928952474562313,0.07315379915366324,0.6769853766825106)
(0.05246172086878896,0.12722100369314543,0.07205330215106953,0.6840201638630622,0.07205330215106953,0.07364729681772834,0.058305898151246864,0.08042387819113173,0.6726131058899582)
(0.04558021975149245,0.05496120020854055,0.11824974025052508,0.7212396119792291,0.11824974025052508,0.0831948597694408,0.08841730973059589,0.07625810544585292,0.7127239638742113)
(0.09190284709440842,0.06697684559821895,0.15390440906686775,0.7110737177136095,0.15390440906686775,0.1120653641942702,0.05748882067294364,0.06725666271743835,0.700667926781849)
(0.1384156378904206,0.06549711162508057,0.1100113169018354,0.6632495823864906,0.1100113169018354,0.08222920602563227,0.09677753870903093,0.0804380494628906,0.6623445152665919)
(0.05636037822900502,0.10117374721461386,0.0739778180007595,0.6804425049226954,0.0739778180007595,0.0632266441871449,0.08793505149236992,0.09335383042086687,0.676995818660116)
(0.15365957644554906,0.12264567889181906,0.06438832331842152,0.7277684383030409,0.06438832331842152,0.08615377989871291,0.126490656953998,0.10330047524095304,0.7240325039701804)
(0.12133419556538348,0.0866762819970415,0.12250047359794053,0.7162206917229123,0.12250047359794053,0.17112128421713044,0.06557611746870382,0.07525626270336272,0.7366596983168768)
(0.1585554583601448,0.11616864618255401,0.07764835593851326,0.6854513445882933,0.07764835593851326,0.08599183518112997,0.09900909844613742,0.14718213143931216,0.686236983586346)
(0.08426088630660397,0.0772265326385708,0.15747575437475198,0.6937625286120946,0.15747575437475198,0.13263296371705527,0.07842611357876242,0.09615911977632578,0.6983386429675782)
(0.021268039327883598,0.07990700040746813,0.10533751086209533,0.7256649671844632,0.10533751086209533,0.06872033745996776,0.06980261166791878,0.10628911747349656,0.7229509317032297)
(0.21673677177953168,0.11742496279234012,0.0576966878444921,0.7104089157370801,0.0576966878444921,0.15405305024334592,0.1389783789918088,0.10269534688401867,0.7120065261417255)
(0.10609649399209456,0.14813664744733948,0.09511770587683951,0.7334949233830952,0.09511770587683951,0.11283474716525074,0.08853964144666279,0.1576385565999974,0.7427858827669763)
(0.12415049314708555,0.1243804393791905,0.04620915812156416,0.7351444781806357,0.04620915812156416,0.0936274608736701,0.1115027578527885,0.10306871301245359,0.7330528522896307)
(0.03730662847760403,0.06028749528276135,0.1397520794585957,0.7103725818367977,0.1397520794585957,0.08092035586756662,0.07552127885189855,0.06788856030537489,0.7075623554541847)
(0.07908124723317606,0.09820356888460793,0.16666907371595893,0.73765895287218,0.16666907371595893,0.07524164004038161,0.09776242656499835,0.11587992402560325,0.7358160813099874)
(0.08017212026621223,0.05398626706903592,0.15793529592013988,0.6487639945920416,0.15793529592013988,0.10330594460853283,0.09160930403372745,0.07958422868597906,0.6571230349566144)
(0.10534667535736635,0.09016663216743512,0.11332819913194876,0.7012149997820555,0.11332819913194876,0.16142259468906223,0.0915028939316797,0.0909544467082562,0.7033992358465949)
(0.09789541141306153,0.0687262163614537,0.08381556060491137,0.6583766152698833,0.08381556060491137,0.07592492551859498,0.11151161665594961,0.09913788696651317,0.6574266623481577)
(0.03903906783974289,0.11100857947413043,0.105137238569961,0.6737390304045765,0.105137238569961,0.0766814856037163,0.050763041850901656,0.11298057638924729,0.6706926694755654)
(0.04963514893502993,0.11192475908850415,0.14388526533089932,0.7179524034384605,0.14388526533089932,0.1331282199542034,0.17531798565358025,0.09411859653290541,0.7151910958091448)
(0.11822637116892463,0.09763586520506702,0.09330784720764067,0.7590787936705167,0.09330784720764067,0.08653322436713948,0.07651146540139768,0.08740244573687128,0.7365112593488674)
(0.09212923949271788,0.0983689983370108,0.09815162894462792,0.7076805538055572,0.09815162894462792,0.09517580886107194,0.0593617643244188,0.08653947702949995,0.7076308215828916)
(0.06428042928407815,0.09586858949898901,0.05154519024954638,0.7017743891200923,0.05154519024954638,0.057654971588908636,0.07348396200749167,0.10907292096850033,0.693233909783045)
(0.11260552747175685,0.11563932801757026,0.07213208218263983,0.6697122728109487,0.07213208218263983,0.07999033521505398,0.06441382017583132,0.10272045095873253,0.6533083117114356)
(0.1660953761427304,0.08258111847684105,0.08973521028073313,0.6631443456931376,0.08973521028073313,0.09322087308412112,0.08053863170144104,0.08816017873028369,0.658328175279199)
(0.12113164716828757,0.10409421222561988,0.11237214562729664,0.637071845427271,0.11237214562729664,0.08621691998525154,0.10272981531455377,0.09073729926636678,0.6566319929810324)
(0.046041249153316116,0.0701447589699486,0.17702237605157986,0.7158406529303639,0.17702237605157986,0.09658250746365074,0.10654155123738324,0.10227028591272432,0.724096718388459)
(0.14810643813580576,0.09820018027927012,0.16601225428700073,0.69488503986824,0.16601225428700073,0.17679100351194366,0.12904194843649375,0.08358411381224884,0.7006513111574889)
(0.11167924704126428,0.08602780531770589,0.023632576196249522,0.707507492211816,0.023632576196249522,0.0705051001115597,0.06912977148487068,0.07275102188144379,0.688891474925402)
(0.10652357757221648,0.08605100024858525,0.06636537178750439,0.729093024742858,0.06636537178750439,0.1137701529756863,0.10285043680580808,0.07417179158708366,0.7224959656694182)
(0.03398296617294672,0.15377338404106328,0.1454528230922409,0.7359511047067996,0.1454528230922409,0.0916931271003912,0.08485433030440435,0.10098166851528305,0.7482764979482169)
(0.10059956151243234,0.08809137056717353,0.06793009892973197,0.6921413360568953,0.06793009892973197,0.0977684101259127,0.08466637435916952,0.0682858767529388,0.6879981838408308)
(0.09969293968041694,0.09698971891519785,0.12511945452560308,0.6817936871225647,0.12511945452560308,0.08666107784156646,0.1042756830532258,0.11206162208589522,0.6944696237339295)
(0.105235225466321,0.06782937575881083,0.09461052234165306,0.68415895917335,0.09461052234165306,0.12998375333366893,0.12350170709338783,0.09508810565282483,0.6840831371175584)
(0.13063054211629638,0.09053501003016745,0.07262595138037298,0.6774014003727116,0.07262595138037298,0.16314049261301544,0.08546842587623454,0.14946517192241657,0.6585067531947681)
(0.09994546074955475,0.0788042936715306,0.18451976805083645,0.7311315944446395,0.18451976805083645,0.10680422898391025,0.08300118039452838,0.0985296746343505,0.7299717109372881)
(0.03957919329955938,0.09104664352353453,0.13040387276818374,0.7139978199652149,0.13040387276818374,0.09786634930642538,0.11305021089888036,0.09053929074286782,0.7088437540025468)
(0.02870697329952493,0.18077998831652514,0.10373920802973413,0.6629917465074471,0.10373920802973413,0.1121973309358876,0.057032994105303575,0.22150917745777493,0.6755911834205479)
(0.04283148806474545,0.10798244391585397,0.04450258890743148,0.7778044617626724,0.04450258890743148,0.06149939153019541,0.06828550257572215,0.1267606273336812,0.7493466275025696)
(0.08858934802136356,0.05478171031992925,0.10956868723309846,0.7015159406066146,0.10956868723309846,0.1049057859751996,0.06217462250923074,0.0809966210077154,0.6956786723385338)
(0.08992883608574984,0.0985659262002021,0.1012829798401884,0.7519231319231866,0.1012829798401884,0.061642256288243685,0.07924839992936347,0.07816520913030107,0.7376294919221503)
(0.14215883064827414,0.08243291859254122,0.10788823459462372,0.6997797099769175,0.10788823459462372,0.08929120331261532,0.06930282117672143,0.07845426120258665,0.7098712379241836)
(0.1513967047101783,0.12059071888039297,0.11458879614299287,0.681939940125203,0.11458879614299287,0.13150088534795362,0.14754626018684963,0.10173876662436195,0.6978673380478604)
(0.0940685013692421,0.15299197993753866,0.0712634111135901,0.7013178741527486,0.0712634111135901,0.08176963764110103,0.12095987835119316,0.0849607573500658,0.7158992976406064)
(0.03825759268428318,0.1205977759839603,0.07356190544578836,0.7489208614547641,0.07356190544578836,0.07675029484966633,0.07464432775290335,0.10475590621637075,0.7330612628950497)
(0.08204165512268827,0.10678359830159526,0.11643026987437363,0.6707247918074387,0.11643026987437363,0.11913630423076331,0.05378007322793774,0.10644708618822063,0.6776153697917152)
(0.05064945197305803,0.14768303970522756,0.18639568944754586,0.702750924974055,0.18639568944754586,0.13434574494925178,0.0685858463380766,0.10836707099165972,0.7085825681801419)
(0.1417993491601062,0.045568621158327556,0.09289287196821865,0.7111156609972247,0.09289287196821865,0.08207012710094154,0.10821992232909312,0.07827876134046327,0.7060268767745135)
(0.09218866037542878,0.09878320042728841,0.08535761736590793,0.701018092546684,0.08535761736590793,0.054881037369734195,0.06247288444985448,0.07984942346879795,0.6865542077906167)
(0.14308913777063614,0.15273842215971323,0.0993085813289644,0.679937949134544,0.0993085813289644,0.07641212091235766,0.06895261196002975,0.09281508266179499,0.6842113130928104)
(0.0599508426917563,0.08783770831927697,0.1911870388896473,0.661075400051505,0.1911870388896473,0.1268652651438685,0.10513832099906573,0.09535370050780209,0.6732555062600829)
(0.0847331006516486,0.1072380121071375,0.06470165760628607,0.716518525855947,0.06470165760628607,0.07224036687981734,0.08094994933772105,0.09811522644293014,0.7016931662422505)
(0.11082508117709072,0.10921945574436584,0.0467296964349553,0.717636272325823,0.0467296964349553,0.06241821390225901,0.1550469534685251,0.1437182201437655,0.7029683925056373)
(0.11366933428164137,0.11445013467650558,0.05733963141579461,0.7307569310159869,0.05733963141579461,0.060931080526571195,0.057062660674593445,0.1385443521206475,0.7331387009815428)
(0.11214882659789749,0.13075102680954548,0.06589006613601793,0.7105333864859723,0.06589006613601793,0.1457354550195329,0.06284984690136093,0.11080091640856013,0.7058819979776201)
(0.15957565358902362,0.16153259208525428,0.001269708452966944,0.737193448520928,0.001269708452966944,0.05212469672565206,0.057543255546554234,0.1260896896186004,0.7244662349609967)
(0.1001713679607783,0.08590448923126742,0.04675081350589551,0.6967668217047244,0.04675081350589551,0.10921966506993926,0.0742479216070901,0.09884174119506318,0.6831207008084328)
(0.13812629575697025,0.10352891452259268,0.0951650746028105,0.6658456315945022,0.0951650746028105,0.09198592498625424,0.06790423787391171,0.07848565846725797,0.6706622590427276)
(0.10899026772020039,0.042197660236404866,0.1421546395277376,0.6915955536709888,0.1421546395277376,0.09576947554853686,0.0782723746356688,0.05899270751478717,0.7013028388930759)
(0.11952098145394335,0.09172151322532363,0.0012768719261740656,0.718867070662039,0.0012768719261740656,0.08361774504556405,0.13528299979915628,0.09734598513033692,0.7011406900962569)
(0.03831760912021927,0.11650118609218992,0.04931207961731168,0.7249932375318038,0.04931207961731168,0.05934588822134599,0.07341579171229276,0.09534032436947208,0.6988961634532068)
(0.03222666263977282,0.08262372465679158,0.09201783430304482,0.6772971113313038,0.09201783430304482,0.07397627328182393,0.06274366824707135,0.1193280929576905,0.6650602119462516)
(0.12327362626403159,0.07477639278761682,0.12705546323470623,0.6925595702593461,0.12705546323470623,0.06512736743467087,0.1345410543143783,0.07215856957634141,0.7128070217110283)
(0.1820767808113484,0.08287063670776512,0.09975634692556838,0.7096601019735271,0.09975634692556838,0.08887422146652287,0.10097856626755454,0.07302244798162885,0.7120594878650849)
(0.11413959133105926,0.07657432759902895,0.08673778353468072,0.6994992934417137,0.08673778353468072,0.08325589418548873,0.07027942233867765,0.07935783647072804,0.6982725065170527)
(0.1499727346043531,0.12928736171863364,0.0526534780948059,0.6531157021310278,0.0526534780948059,0.11701215218206994,0.09753808961389271,0.1333334541998398,0.6647957051318936)
(0.09933757591094802,0.08596171361928015,0.16865687210557284,0.6966936108441407,0.16865687210557284,0.10036112338394026,0.10568438771570061,0.08910403337269925,0.7063832833653316)
(0.15414107589929907,0.11159204227438019,0.10379814266937369,0.6548118543401914,0.10379814266937369,0.12054606850267491,0.11780057720353718,0.1362349845534335,0.667979539716156)
(0.10344494607720303,0.060352472313778036,0.06264455656790055,0.7189735976627174,0.06264455656790055,0.07667818568491443,0.15324164720706174,0.08032381760840221,0.6908635467589946)
(0.15571449150313227,0.08720972046140793,0.0764879384741625,0.7077124671378171,0.0764879384741625,0.07324721012292461,0.18964488606809948,0.10850954606107147,0.712922055750446)
(0.0797728594169399,0.10703755438522078,0.0788954756385569,0.704915501015774,0.0788954756385569,0.20235379888308896,0.07711332433161065,0.13153867324968616,0.691418411208926)
(0.11258193990477937,0.08132845387522947,0.07830449315872262,0.6729117884783339,0.07830449315872262,0.10628371502343256,0.08589731592152793,0.08967994901588033,0.6708688400240918)
(0.11227058524886156,0.08849195215181453,0.07422636154363221,0.7128640160466404,0.07422636154363221,0.06769861942355604,0.07886730460894842,0.15225142852516435,0.7213530910793352)
(0.100073971619744,0.11231844727195903,0.12776361209061043,0.6914359660026004,0.12776361209061043,0.0885444803842761,0.08906045463242372,0.08623392207476924,0.6930698987394092)
(0.024409175046340652,0.12047516776241483,0.06962071613192466,0.7239644850922239,0.06962071613192466,0.09053922319308015,0.05223907212520175,0.08674580776317276,0.7060204119267339)
(0.1727308006090994,0.09856110911457448,0.11566705740611716,0.7184198406915173,0.11566705740611716,0.05720781600519993,0.12622747560382994,0.08081804810568177,0.7251948304673762)
(0.049837652024570175,0.0857093869753142,0.11855893791998831,0.6910049011099,0.11855893791998831,0.10730965834357224,0.08920368434187373,0.0782929083899001,0.6890938676218011)
