(0.13002290212650391,0.8382021566026764)
(0.19413482311743388,0.7994514271374891)
(0.14808485968269772,0.847726201156998)
(0.1409047268547097,0.8375918855575148)
(0.12746245095982683,0.8442994363891594)
(0.22678481909923265,0.790480780263607)
(0.18219652420313617,0.7962255968836113)
(0.25271081551515384,0.7486388911241768)
(0.17720737611573467,0.8243689892747611)
(0.17879200647597818,0.8066306244317334)
(0.1863330225281901,0.8193563241176234)
(0.24704505391679987,0.7621618089720613)
(0.22349116730961074,0.7608282790394199)
(0.1847456325180818,0.784103955693716)
(0.2139256208334521,0.7553685277694973)
(0.2293618251367819,0.7617112774847385)
(0.2000280645251876,0.8022120645670804)
(0.22188628785220713,0.7451693623854163)
(0.17267096199560245,0.8324085839443371)
(0.21997895535507986,0.762134792395701)
(0.20304506304676848,0.7953002815538854)
(0.15653592717011724,0.8327845657333789)
(0.20848700455399333,0.7898102690284337)
(0.20322870994622583,0.8096883082639661)
(0.1821874124587625,0.8271887870475322)
(0.19550336714992705,0.7999234344483022)
(0.20277490519337785,0.8096529940469118)
(0.16920780968452945,0.8280391464971285)
(0.18814969245733854,0.7881591240368268)
(0.24354261574573088,0.7588838182506062)
(0.2159037840975242,0.782105787362989)
(0.20762336421294234,0.7914158120670897)
(0.17951528734208175,0.8367647173357189)
(0.19321230325996575,0.8140684092882836)
(0.30160386303365994,0.7329565369501121)
(0.1890848609093977,0.8108844266864693)
(0.20903033268919133,0.8118908839464442)
(0.15754244789076496,0.811048390350252)
(0.22045785795994943,0.8007027905584189)
(0.1803073366079748,0.8149198772412966)
(0.1995213478876331,0.8300779044037377)
(0.1825438398846798,0.8266135709810135)
(0.16631353069379431,0.813414745435988)
(0.2258968270236966,0.7818489351178887)
(0.19661859451812785,0.778017797477411)
(0.21618457585715536,0.7845954977178707)
(0.21528721488096514,0.7876263008235885)
(0.16699685415394092,0.8257758454111663)
(0.20125545160421146,0.7806466882419877)
(0.18947969741426002,0.7964286416896804)
(0.17412332894074373,0.8335799192418347)
(0.16754530855833769,0.8244196558628227)
(0.1989830150465506,0.7909201079526301)
(0.20346698562693918,0.7659128133265615)
(0.20692223786717706,0.7645949098661637)
(0.20910897283379756,0.8114896734303793)
(0.19841613834069258,0.7742265918399442)
(0.2528096448081941,0.7619360144249225)
(0.1995690242521433,0.7931311228762858)
(0.22375830107765077,0.7763969381199007)
(0.2352325192667307,0.766944720739902)
(0.19608394008571353,0.7794908841235467)
(0.24265944955363714,0.8082656642314542)
(0.17191398570680047,0.7993111423393029)
(0.15241302932053188,0.8336972396470901)
(0.21372315957637586,0.7739671345840005)
(0.17998997349435122,0.8218802424146879)
(0.22019862472952345,0.8054103240513051)
(0.2597714456386679,0.7582053342770249)
(0.18853269200331707,0.8061040440315752)
(0.20584306778107672,0.8213884651875138)
(0.15906383803551755,0.8127363822620378)
(0.21506816848016297,0.796694579100157)
(0.16037101194552636,0.8099995639651838)
(0.23190778410410662,0.776936223477356)
(0.2163483159502198,0.7858500661452977)
(0.2937111396495633,0.7405256729404007)
(0.23514033068421464,0.8003358264522362)
(0.24905743160333146,0.763120258557683)
(0.17360900368760207,0.8008463644455577)
(0.24299990193334609,0.7958450244956433)
(0.176884090724048,0.7967118864750774)
(0.22304722722194972,0.762366895300033)
(0.1885185737165844,0.8244684193498186)
(0.198658369544997,0.8004834622462066)
(0.19096149039054516,0.8069184132385894)
(0.13226739619876,0.8447565298007842)
(0.2162677850466287,0.7652050644099062)
(0.2018949988411716,0.8152828194665447)
(0.22687081204444556,0.7889352659746217)
(0.17979842611850008,0.8277347018022714)
(0.20737756097846433,0.7895951680330235)
(0.18066775465247978,0.8238757314075186)
(0.17617674838653688,0.8382309596469371)
(0.2264168414617298,0.8001414181215009)
(0.19152631465452138,0.7917125900438239)
(0.2363680689321387,0.7593720248788464)
(0.21324968098739136,0.8174938220856949)
(0.2805658863343827,0.7550617696574461)
(0.1553400554215391,0.8224611912266796)
(0.18262722856723543,0.8177626583534979)
(0.18184173667868544,0.7699636444148689)
(0.20376023747051972,0.782359980868096)
(0.1781113793532936,0.8202119614671476)
(0.16229290367440305,0.8693677129706939)
(0.2103251215905672,0.8047529056350922)
(0.18445183360822237,0.7866302509773658)
(0.22180920470421134,0.7826213155902985)
(0.2167575063231606,0.764643949512132)
(0.1720349224276339,0.8094361061447712)
(0.13836615139356617,0.8522263190896072)
(0.18451974862444614,0.8085103210167828)
(0.12126695313497865,0.8580188441359771)
(0.1784218270209369,0.8278300883785814)
(0.2255471684412602,0.7771441719280455)
(0.17054656243109845,0.8483998805400271)
(0.18732532222928153,0.8175885864132882)
(0.16786726942070385,0.831109950735303)
(0.19604804545776947,0.7729267870209258)
(0.23122957806598507,0.7729570523776892)
(0.21668202290350577,0.789416605459211)
(0.20184577374747775,0.811449348574773)
(0.22534494141399616,0.7737858281115405)
(0.23966027807666024,0.7836944709229766)
(0.22800191888100546,0.7862055146738196)
(0.18487973404996358,0.7873276473093692)
(0.21747578591785235,0.8035298347633543)
(0.16904519371071633,0.8282309440015897)
(0.17074670698911332,0.8047574447819266)
(0.1966824307123682,0.8181616216926563)
(0.2301044323488103,0.7510490827521242)
(0.1732503550497151,0.8478116306359967)
(0.23022437273426308,0.7892593062602848)
(0.21145484956639593,0.7410113997520438)
(0.1555560720160247,0.8051818917235972)
(0.17878767280933106,0.8243355365623408)
(0.17933123034280926,0.8146500720882159)
(0.14681099078879595,0.8317200007703268)
(0.11687865219672117,0.8560198972566708)
(0.2458233606707164,0.7597869487734358)
(0.20522557057745922,0.7661663922296374)
(0.16023461269893213,0.8308487260446054)
(0.26098415751369797,0.7456613222735136)
(0.12523828916579263,0.8305894013883528)
(0.23996087025868224,0.7678972243719205)
(0.1836921164751836,0.826489963288424)
(0.2292629675575049,0.7674102370561648)
(0.20987454198398825,0.8124955214582112)
(0.21394352174673653,0.8009625886732082)
(0.2356442832873085,0.7598023476876427)
(0.21839966769251629,0.7755919429786582)
(0.2611544606516957,0.7560663178563412)
(0.18257829124038708,0.8146915850013584)
(0.20894821114934742,0.8155650976818845)
(0.22855525448955513,0.7521240033229605)
(0.14237677163544293,0.8474344166235772)
(0.184287219951133,0.8101312115127322)
(0.18571715477489437,0.8277736668813853)
(0.22078773330920434,0.7726404459312768)
(0.1960782348976315,0.824711954474342)
(0.2333793253015663,0.7939671540284955)
(0.2304103126848552,0.7562053863112277)
(0.21442812517525608,0.7867448900274966)
(0.22417967096923652,0.7883189059066662)
(0.21418020207642977,0.8021344402955397)
(0.20182804399529927,0.7964521338527429)
(0.20864955554656767,0.7984821468600801)
(0.2059325395275113,0.7985492709347254)
(0.20794621518245465,0.795663945569369)
(0.23235911350381822,0.8117398280650271)
(0.20698929442825273,0.7887340418126783)
(0.138940240274501,0.8528299459529731)
(0.24748880895370284,0.7910180499412108)
(0.17518508358097684,0.8131300165350733)
(0.17654742709006946,0.8426385760675204)
(0.21040741570664684,0.8004542199669185)
(0.17509726528123426,0.8162898765749808)
(0.26203215923807394,0.757721255998002)
(0.22600300620588998,0.7812361892761773)
(0.1920860323931625,0.7995039904942915)
(0.19123930379434706,0.7911504960106666)
(0.2523240915119365,0.766604329023782)
(0.16686776084635027,0.8187058313197311)
(0.2058909728650517,0.7973811606240014)
(0.15369808783627378,0.8123960427093535)
(0.23702161586597184,0.800036855078731)
(0.2058493230835879,0.8004313657435533)
(0.164608304938081,0.854586676087098)
(0.1607554141114285,0.8283018903033843)
(0.16315946510476245,0.8566532356859962)
(0.22307120354992171,0.8013608128650906)
(0.19867642496432952,0.8128979887823475)
(0.19870780348589448,0.7849975746405713)
(0.2075289432460695,0.807379394862264)
(0.21258359076795766,0.7984699551066511)
(0.22069241868606543,0.7750083123906129)
(0.19366548197773303,0.8025957571878578)
(0.1916828806935432,0.8157157722089042)
(0.18317874097264994,0.8120551565766025)
(0.22133821497392905,0.8050037637612059)
(0.15747905711773838,0.8471802927279952)
(0.19452653131065337,0.7916283805115609)
(0.18442291499413302,0.813618446659107)
(0.15612584798852266,0.835066383927675)
(0.17509785616609586,0.8025715719309178)
(0.2233906709624005,0.7756259617672376)
(0.19312929235080065,0.7995564902864972)
(0.14931671015514675,0.834323420766016)
(0.22822490532042092,0.7865391611927771)
(0.14978484757476693,0.8228430947468719)
(0.20196917979616083,0.7889898263588968)
(0.170518790373921,0.8045138815814112)
(0.2015610536239459,0.8108076850161874)
(0.23219235737236574,0.760268829897339)
(0.21068432918197205,0.7802350206430116)
(0.1673850390119499,0.8106586530654013)
(0.2211512253165315,0.7994374475498507)
(0.14262527633163744,0.8522267728305314)
(0.103911093013122,0.8712041123005665)
(0.15407823198676757,0.8282051297228855)
(0.23168545800472745,0.7802776129929687)
(0.18930130237088355,0.8273555939210396)
(0.15759910334854724,0.8226822803416394)
(0.18603749428190372,0.7904046766404292)
(0.17056413421779923,0.8443898229769817)
(0.20896973493223078,0.7980078621977303)
(0.19824571334772448,0.7828033188558943)
(0.19502553949743495,0.7824154106116143)
(0.20399165416431636,0.7696697075973011)
(0.1741629319110123,0.8017718629005569)
(0.19043065734200382,0.8164063822006191)
(0.20058413771328723,0.8029866318734532)
(0.21169761401881745,0.8017907765671504)
(0.18633750866380436,0.8069475366765927)
(0.22633981644473283,0.771031042897437)
(0.2562386452696325,0.7552519714350293)
(0.1807686209170728,0.8142350202896735)
(0.22557185618201941,0.7787512877606948)
(0.20882678182913614,0.7991704578676921)
(0.21448337713886192,0.7743568240083608)
(0.2399912812459277,0.8188314991735043)
(0.16219455295171567,0.827859070230272)
(0.15838175138572755,0.8136197881793664)
(0.2650367970095193,0.7725050848773403)
(0.19180206094817587,0.8082002163178572)
(0.26429052371568,0.7342343260654894)
(0.22868378548931761,0.7960019953066994)
(0.18273023362725468,0.8191849950080246)
(0.21734364408195697,0.7982984836934267)
(0.17292384689337212,0.8052899954510925)
(0.20552749613994395,0.7978053659870712)
(0.24675272144115767,0.7562494332895241)
(0.2824619981321965,0.7309426202377074)
(0.15059327399859665,0.8537608689653943)
(0.16284144572482026,0.8115372903943702)
(0.251702429439798,0.7337297319380782)
(0.1725911251968322,0.812392216263515)
(0.2430227530302838,0.7613081340185865)
(0.1923241247979142,0.8010592196777475)
(0.20781302963674594,0.8208128695008051)
(0.10975240602156537,0.8733046014814562)
(0.277166187015669,0.7286913696237225)
(0.2144816802770578,0.7921806741854628)
(0.2033675892021566,0.8189113594996544)
(0.30137043795592106,0.7309688894517307)
(0.1574104680758228,0.8094818550060776)
(0.15406420122860337,0.8194322486691189)
(0.21160506149134264,0.7924581809407454)
(0.26474825883422776,0.7797486210201585)
(0.1903283669102459,0.8118766936953117)
(0.17516676510687346,0.8224914621586286)
(0.17598671098116256,0.8151241903684513)
(0.22320709911354908,0.8025835477400037)
(0.24687134113123724,0.7658563735555299)
(0.20858510996623736,0.8049258917472945)
(0.22323009715454997,0.7733242501719807)
(0.13811747361586033,0.8367666549039307)
(0.20482414844823063,0.8185570763595008)
(0.24761763749301036,0.771133271637613)
(0.2051205183343661,0.7765933705525301)
(0.23085794998109743,0.7543295511165892)
(0.1799917837554259,0.8315231699359299)
(0.2837659779495032,0.7504448005870676)
(0.22987744258589424,0.7909095133982122)
(0.1786415391246688,0.8206572568099032)
(0.22299006775204247,0.7582301973879658)
(0.21783680472160546,0.7703367868435452)
(0.24239283119954638,0.7556855503544443)
(0.13495363668306445,0.8550569370237142)
(0.13985577186450268,0.8377814589428647)
(0.2198381994112702,0.7891404006271162)
(0.2515831146212584,0.722968201802804)
(0.21083351781667994,0.8068453068131677)
(0.19786207898810534,0.802015522024487)
(0.17814730041999743,0.8316507565471526)
(0.3116346431512413,0.7189011278338837)
(0.23668642752287664,0.7909739518990535)
(0.15329591788567168,0.8036351242768228)
(0.1487937879860736,0.8184203795900619)
(0.1373204492012117,0.8398409235544361)
