(0.18749682425098366,0.8014317904087411)
(0.20551275648774892,0.7995123210159584)
(0.20824115880566713,0.7988180074674261)
(0.20665640118104595,0.800121800963232)
(0.1857100038221812,0.808837416052715)
(0.21575003991463196,0.7923342765399565)
(0.20094859309272023,0.7944290881896567)
(0.22575436914010677,0.7818967076567259)
(0.2077693163794167,0.7940687745530088)
(0.20051287985127658,0.8043832924085252)
(0.18685161293295957,0.7998260062879279)
(0.20064715328859908,0.7999522482084093)
(0.19038042352971446,0.8023917765835438)
(0.21212585219171587,0.7924373437301765)
(0.19860680360344807,0.8042333772273661)
(0.20102736442617938,0.7955391145072099)
(0.16804016543122935,0.8052391173990884)
(0.20137069084508394,0.7971204552374055)
(0.19968799073682225,0.7860211587920763)
(0.19309981241308488,0.7972402638295424)
(0.18408745578046992,0.8043141530085919)
(0.19627338000666938,0.8073101567721708)
(0.1972229876018187,0.8112315446519672)
(0.20369655217455934,0.800488400297921)
(0.18403126168011644,0.8061811061702064)
(0.19636060347786127,0.7978913242120841)
(0.21357625637561453,0.7976231501806564)
(0.2192679117265537,0.7873273464455486)
(0.20303148895534331,0.8010291891842951)
(0.22611642596390066,0.7820356323241991)
(0.209596367683278,0.7916716781655134)
(0.18717984046008526,0.8040918311427335)
(0.20669884428234922,0.812303978552244)
(0.21212050274762,0.7894579438456617)
(0.21505781694651965,0.7989515297233456)
(0.20308736200631958,0.8008056527461499)
(0.18020076962898876,0.8148885623948474)
(0.1949970832691981,0.8104586032412994)
(0.19737567399329295,0.8007590932003669)
(0.21047738245669148,0.7865065911034477)
(0.20695429919613256,0.7929249402454993)
(0.2190183500943789,0.7957990080649604)
(0.17928558663658484,0.8101577287608577)
(0.1981282403860033,0.8016875889842547)
(0.20781749415957104,0.8052495519903772)
(0.2218366097631957,0.7951785364452365)
(0.20156732779273853,0.8002974676913789)
(0.20812841150424582,0.7975728144118477)
(0.20494004094046714,0.8031699078242163)
(0.18037412252907828,0.7998438529703865)
(0.20179289624683822,0.7952495169712342)
(0.19507160922545397,0.8051141338165385)
(0.1989859785439546,0.79375677649888)
(0.19489375693644864,0.8075255850059254)
(0.1998205219255524,0.7979417678354446)
(0.20144389319694994,0.8016098240394276)
(0.1991353389261715,0.7914718152326269)
(0.2030810431494159,0.8000247592291665)
(0.2043066555343945,0.7973141928928394)
(0.1935537758221136,0.7998403790526281)
(0.20212127408082903,0.8062204484528535)
(0.1892202490084859,0.7967831331367619)
(0.18990291813570923,0.8173345465214)
(0.2135212008926955,0.8007652874849752)
(0.19246779871880096,0.8020936401552569)
(0.2060307910285767,0.7947623765638766)
(0.22198572718772652,0.7939431833898458)
(0.18833493280691024,0.8128224583675323)
(0.21573200652194,0.7989523463069533)
(0.20652740432456215,0.8085727997037803)
(0.19522691980350643,0.7973997781953646)
(0.210912641835075,0.7929281768979678)
(0.21189932493040084,0.7914027985363975)
(0.2096660833584795,0.7991501848220475)
(0.2038241651613052,0.7995046051364086)
(0.1979205085789955,0.7972795757529636)
(0.22924231287567612,0.790826528121389)
(0.18324828971591256,0.8001817857886474)
(0.1975459352569745,0.8064372439277235)
(0.19696225604678416,0.8075620696631467)
(0.22365198413943124,0.7917859442991788)
(0.20550218388141042,0.7996091089777397)
(0.1837392830177322,0.7912196684912605)
(0.19001672077861892,0.8022340888404045)
(0.19110768996349245,0.7966469428137292)
(0.2110367524005412,0.7980477392575887)
(0.2209918380298918,0.8014634626017232)
(0.18935736485880203,0.8050010821742493)
(0.2150012193581237,0.7902240601271074)
(0.2019406049091109,0.7996123496520434)
(0.2058980452529562,0.8037950292454521)
(0.20990609915258496,0.7946152669634369)
(0.22424689517885946,0.7935459962718668)
(0.20097384005548496,0.7956186810762361)
(0.19962597182303862,0.8040049912832166)
(0.2071625819921699,0.7894168754239288)
(0.18895822073034674,0.8079967020704089)
(0.1872343588633448,0.8126090798140393)
(0.2041500805700832,0.7980184959630783)
(0.20689485328697974,0.7921413492032942)
(0.20047781881959076,0.8000227400406829)
(0.20855731793559537,0.8029143670277197)
(0.186020590981028,0.8065289949593865)
(0.20887598702519727,0.795441592729867)
(0.20145167809605438,0.8079053208195565)
(0.22437109924333376,0.7909035784603486)
(0.19492190699993311,0.8130316266237578)
(0.21901742358997023,0.7872539017099417)
(0.1821975065747722,0.8014969515462437)
(0.18483019581855942,0.8085367131736798)
(0.1967253383801117,0.8029733984065573)
(0.1821283498641774,0.8046684883629602)
(0.18813287078035856,0.8041615933547928)
(0.21364470055068346,0.789095811897144)
(0.2414341210947925,0.7908918763057543)
(0.19224066072646498,0.80790231076675)
(0.19659923512303287,0.793752127853142)
(0.20505041615745173,0.7976603318800706)
(0.20575630430005587,0.8055814534996494)
(0.18941786722473578,0.8052862816152944)
(0.19760177026822523,0.8016511317677596)
(0.20532311630631828,0.7948482158734165)
(0.2085240131431762,0.7906982708737823)
(0.22017245855331571,0.8006804619051746)
(0.21737857248597653,0.8101856318445589)
(0.20050729175504442,0.7985510733842083)
(0.21504455035909373,0.790223822538414)
(0.19275870221106914,0.8155309805708104)
(0.19848290227704282,0.80752912749296)
(0.17544760776016918,0.7963988516543515)
(0.19656212327303563,0.7958850066299662)
(0.20068453170281061,0.7917044436710464)
(0.1983428437958216,0.7908604474720726)
(0.1873703111389017,0.7974648643124331)
(0.19166729182007056,0.8023697972316818)
(0.1881596697140857,0.8112729165196773)
(0.17003503580637028,0.8162400628796982)
(0.20777193683326545,0.7990816070428426)
(0.19971277327124168,0.7994942437194695)
(0.2139522153255302,0.7897702570425743)
(0.21646531084771714,0.7970504037304968)
(0.19151111350023292,0.808294133542777)
(0.20674189478407734,0.8009313316827591)
(0.20660512289173322,0.7971712594985148)
(0.19382135011329066,0.8081098793562721)
(0.2174921980931132,0.790316993733703)
(0.23963990182361378,0.7956299671171929)
(0.20768644978654124,0.801524132399239)
(0.20530323059983607,0.802317826278339)
(0.19163225715105683,0.7982003931136545)
(0.20858059689695163,0.799878629275237)
(0.17327393630874882,0.8016108897993299)
(0.18300125881866988,0.7999153589932568)
(0.20445233794895618,0.7958734911524284)
(0.17035568202292373,0.8154532086086155)
(0.19418364429373758,0.7933617289035356)
(0.19166134959544306,0.8027837744325219)
(0.21211801534264682,0.7943751479667926)
(0.19347083499237688,0.7997161072234681)
(0.18914585822586613,0.8136348594362027)
(0.19701472461433206,0.7923363896313769)
(0.19828372303693906,0.8049010069947088)
(0.2111840130093539,0.7924907701097388)
(0.20269057613092623,0.8008119330521374)
(0.21447376248378275,0.7854226369484192)
(0.2021726304555074,0.807619319672293)
(0.21770490742712018,0.7964888069890701)
(0.19014585480522117,0.8051962378372955)
(0.19970041714463596,0.8031158962770042)
(0.214597766383104,0.7962703416497893)
(0.21402687469364312,0.8077709411188335)
(0.19352276432966478,0.8123256318273196)
(0.19095645729806165,0.8031503093953517)
(0.1996787058658229,0.7994284501186969)
(0.20788179404389162,0.7895802997853207)
(0.19854826222964278,0.8093131520298207)
(0.19030763608042456,0.8027035929436069)
(0.19752955955088658,0.7959543564883311)
(0.19572410950095392,0.8074542167223635)
(0.20327536640678054,0.7957059166357388)
(0.21253747545041757,0.7937113261746253)
(0.1971533103358132,0.7971710298133956)
(0.185209927320982,0.8067929511660396)
(0.18987671448936863,0.7954255454705197)
(0.18482932116339676,0.7992763689761518)
(0.19355406119206597,0.7982181293632954)
(0.20595644614400924,0.8070057529917901)
(0.19073582871557598,0.7976499212704512)
(0.20316481352641183,0.8033957078958518)
(0.18924118757796074,0.8015106721895996)
(0.1992113984406129,0.8038842417147392)
(0.22104193203085548,0.7954735763941362)
(0.18406623470174768,0.8016122397969564)
(0.21401532123875502,0.7879530972156876)
(0.2184671972703633,0.7956821974594209)
(0.18802269163263713,0.8216879250987381)
(0.18244380116646167,0.8119546052418952)
(0.20460235852517514,0.8058779600356007)
(0.20916815998950053,0.7949792723897453)
(0.210765270301202,0.8085611554576764)
(0.20470890658957575,0.790419810740977)
(0.2086031005211263,0.8019457532324543)
(0.18919870641682257,0.7994099050632857)
(0.21615554798414977,0.7938498672660838)
(0.18657357041940179,0.7979504954023554)
(0.20814758963991964,0.7935329789610257)
(0.19246876826639336,0.8059348762413037)
(0.20664319525973363,0.8096620339721828)
(0.19517013568473404,0.8020464538748721)
(0.20739350267030165,0.7959986228521768)
(0.19434907181467062,0.8012376558459704)
(0.2027515709575609,0.8039732878081001)
(0.20801518168209446,0.8000116230845222)
(0.2023145240461909,0.8042488559397902)
(0.21129593755035195,0.7904505026553047)
(0.19897909432134853,0.8035760678975783)
(0.1730713551960147,0.8053813625406967)
(0.1896572168386491,0.8016730888190935)
(0.18683788205143995,0.8090752003569401)
(0.2219331555755637,0.7949980931624823)
(0.1920835491129682,0.8091151350777529)
(0.20752141132891458,0.7951477559818708)
(0.1944932607604951,0.7915390222091342)
(0.20828431838223807,0.8017277582437304)
(0.19943769377114828,0.8067159422650542)
(0.207412447449419,0.7981421161089299)
(0.19753363972323637,0.7965761052691991)
(0.21104633411259516,0.7918299471363037)
(0.20422838502588825,0.7994352782016383)
(0.18797035324049888,0.8011599579208047)
(0.19861531718635256,0.7960857980043617)
(0.20207304336758664,0.8010952170883209)
(0.1973652878700024,0.7950575850289948)
(0.19878805733732074,0.8084549303443661)
(0.2028414963064292,0.7961585090820946)
(0.2040772911722437,0.7949030415568008)
(0.18370985448300456,0.8036047577099391)
(0.1888984691120348,0.7984268635798148)
(0.1933024284610282,0.790537838015045)
(0.20779432769318365,0.7975563233523121)
(0.2095816011437677,0.7934574712631713)
(0.1944692351236124,0.8032968976678906)
(0.20203606556556725,0.8006021128635366)
(0.20834716866255296,0.7999546254276751)
(0.21429088794360807,0.8022708179385222)
(0.20928709638973544,0.7960187401429871)
(0.17771427641695117,0.8140857923451406)
(0.20414282789433644,0.7994944548600839)
(0.1950030292157768,0.8095580877026795)
(0.18540356739931504,0.8010913904982481)
(0.20588312459652777,0.7999482827307349)
(0.21080329946669543,0.7956498491911763)
(0.19870551517055712,0.7950731431659868)
(0.20419361634185001,0.7988088629736663)
(0.20940606039305373,0.8040675958568346)
(0.19722479118188666,0.7992407990205717)
(0.20657687433415914,0.7902439327455602)
(0.19126028604872766,0.8027954838437499)
(0.18118329479362932,0.8077727570414618)
(0.195319856139471,0.8082408804243775)
(0.2222046936532709,0.7866942643482954)
(0.19145632229685766,0.7986299287957019)
(0.20362936045993402,0.7890250500149791)
(0.19072382423819223,0.8068712353295027)
(0.19554412431850218,0.7946171590131874)
(0.20934654118763144,0.8132050226393812)
(0.20330988888580082,0.8127138152322279)
(0.1986725022675122,0.8061357816247237)
(0.19498455501687442,0.7934509743001312)
(0.18602774994367458,0.8025013773830499)
(0.18297824913304947,0.8060513378701352)
(0.19381935720448687,0.788505137742912)
(0.19658889937190946,0.8140251470291342)
(0.21074731146890027,0.7990677714156228)
(0.19257817335175742,0.8022230687743687)
(0.18271179195120732,0.810142945227571)
(0.20817984301788822,0.805517549254683)
(0.20701717685928608,0.7977801075894208)
(0.18711932904679213,0.8075829888607068)
(0.20594501512856378,0.8086945382704568)
(0.20035091364150026,0.7968564686816635)
(0.18927931294547837,0.7997660850713953)
(0.18315306281239013,0.8034564114941017)
(0.20791908684048305,0.8080044409299764)
(0.1980836847330823,0.7942324127844759)
(0.20922666622806146,0.7915203010026703)
(0.18868922319815523,0.8091960246006172)
(0.1896306219404545,0.8035288499981827)
(0.21545370844275902,0.7948077987604372)
(0.1940401521874743,0.799087238627887)
(0.20027438060089237,0.7963348139889308)
(0.20407244594508503,0.7923106253085681)
(0.19423975831638923,0.8021981049144928)
(0.18609498125618654,0.7977737271928821)
(0.19699239712027045,0.804774363099828)
(0.19778893765566774,0.8058112162332605)
(0.17995686961331483,0.812664448117095)
(0.20699865789396077,0.8082565746907188)
(0.23180019739120591,0.7924072857102982)
(0.2152361990198495,0.7988489232133299)
