(0.17094592632941158,0.8297443532954599)
(0.18210220262872162,0.814357513610696)
(0.2129886302927278,0.8022767229286378)
(0.33520905581506666,0.7178613330493706)
(0.20361013767061348,0.796697423976317)
(0.14827002396085548,0.8573878692092017)
(0.15706860672270334,0.8094310315625878)
(0.2529196148780184,0.7475552247581999)
(0.11721036778771549,0.8343100309506039)
(0.18516999075091078,0.8088788769715919)
(0.1887040766353326,0.7891965649426035)
(0.2557537996830888,0.7471178116977268)
(0.1169205000553179,0.9102094055346512)
(0.1613575250205638,0.8051876170365699)
(0.24520760379802034,0.7720398576787225)
(0.27234606317924487,0.746636163656552)
(0.24030009880347247,0.7694162490759809)
(0.19301190921188105,0.797492943968987)
(0.19828353034199597,0.7995776272837322)
(0.32103564920235067,0.7043758348124828)
(0.19410288239755147,0.8209486111961625)
(0.1654967770780914,0.8200676631191122)
(0.12076466291688671,0.8613463356906654)
(0.1888607458447167,0.8139439738578038)
(0.1668922191699015,0.7911973566480734)
(0.15986601131530323,0.8191080320454234)
(0.19052261405596901,0.8032192042155887)
(0.16121612006687344,0.8008073863828067)
(0.14848636045754626,0.8904264326173198)
(0.2401477350456778,0.7549247696317056)
(0.20811878357697403,0.8052477896172819)
(0.17367286095510767,0.7951618965903366)
(0.1648541992817521,0.8085319121214904)
(0.1929868785997416,0.7972341176289192)
(0.3012507765416182,0.734393905190332)
(0.18109170574901418,0.8557655633072523)
(0.15708244410470562,0.8285379249003605)
(0.23080669617649166,0.7290215772006935)
(0.2284990667594723,0.7585848861489424)
(0.2754188719729398,0.7546649283775536)
(0.3603182148319419,0.6822600734517198)
(0.21205886082441872,0.8184828320844167)
(0.3329779836242057,0.6793040064158422)
(0.22883364874062045,0.7872582125678083)
(0.3374919612620247,0.6931839354271114)
(0.14501818832254793,0.8681287379950459)
(0.24157885919082656,0.7166555998093185)
(0.2394366195897255,0.7616795102192649)
(0.178525869157318,0.799047886315454)
(0.13812173822714763,0.8220802284500098)
(0.19241401341412184,0.8171490038521712)
(0.17028794939758193,0.8467254659707713)
(0.1354799689582978,0.8273035485115825)
(0.27225491521950823,0.7234221655483222)
(0.12511496227011434,0.8924463491865074)
(0.11290613798610839,0.8451960840306935)
(0.2041707916696646,0.79965363951629)
(0.26492868235632805,0.7174873696357001)
(0.25385578307255335,0.751037227214894)
(0.2681543990922151,0.7637705167723988)
(0.2162552354035685,0.8501986423966362)
(0.1336574094317643,0.851108484531281)
(0.1824272469999587,0.8687014136345692)
(0.2155987179215522,0.8022478412805361)
(0.21498733733701936,0.8029973452346655)
(0.1999880409762801,0.8022118025635538)
(0.07999764182246674,0.8545047393660083)
(0.1624217034529071,0.8291446120473667)
(0.2570004960393554,0.7926168284493637)
(0.234094737961099,0.7836333753605451)
(0.15941067226615335,0.8404193161511806)
(0.14668924775547953,0.8365231375589101)
(0.21793198609608005,0.7602094546147953)
(0.17966655067927675,0.8212328462113885)
(0.11943640878732976,0.8693189621456457)
(0.25866105469634854,0.7593779283498415)
(0.22522361564752866,0.7945215133824591)
(0.21708004455727378,0.776058452409497)
(0.223870589147388,0.8258922799017115)
(0.19917862517483745,0.8251059387961849)
(0.20497227179163208,0.8057854584244954)
(0.18486537036325557,0.7827744814817484)
(0.20380495005174817,0.7873680133070106)
(0.23331547506458858,0.8081353044130913)
(0.24216571385425914,0.7889597519560074)
(0.23023562234118014,0.7523978945840452)
(0.08375446487945183,0.8929376411443372)
(0.25253971551525195,0.7193867026887376)
(0.18973255096397418,0.8148895193852852)
(0.1409627482400529,0.8502176628079021)
(0.16525783314668088,0.84779497637032)
(0.19447907171173334,0.7856775332887479)
(0.17881807606162492,0.8088722415311539)
(0.11555387648631027,0.8727369755220942)
(0.20457758614650584,0.7885451645979535)
(0.1625428909518582,0.8087839567381279)
(0.2598676661416191,0.7675550425995408)
(0.22487786537315224,0.7655634712465736)
(0.271832628633993,0.7686987104126748)
(0.1622699892662187,0.8250956567135574)
(0.14910984989235157,0.8261410799599087)
(0.23445662912905807,0.8028193239655028)
(0.16331626155945062,0.8194816582540887)
(0.1669501249535331,0.8070445302235252)
(0.11474355881385039,0.8840717570511997)
(0.16608260049244883,0.8343461386549489)
(0.23526233313924605,0.7832838933886374)
(0.27220040178722293,0.724317177961102)
(0.14667556411374916,0.8655866315052011)
(0.22371283009831455,0.762710168697209)
(0.19815113537442766,0.8132300820454814)
(0.18122823217776604,0.8048799013779356)
(0.1699406211692577,0.7893695881653641)
(0.15608423624108633,0.9210929662706449)
(0.18845355320552376,0.8281127960318567)
(0.31345624007176537,0.7019806548931361)
(0.19257706060926316,0.8123867369702348)
(0.1773091150274874,0.8146090149684121)
(0.3324562451465738,0.6769011543308552)
(0.11936085811188102,0.8763885991612017)
(0.2647904441127913,0.7443455153375899)
(0.19489312078093196,0.8051249853125443)
(0.2694537550478754,0.710587575165752)
(0.2546592879733318,0.7422006106231701)
(0.2965840374128604,0.723882181717974)
(0.2436090701597435,0.7246996906805308)
(0.15956369594828645,0.8069853304836382)
(0.1866042047337734,0.7895946287556139)
(0.1504400480854911,0.8633512722263644)
(0.2619035345875498,0.7547831852429089)
(0.24970935990058488,0.7741907630762496)
(0.21538929765101558,0.8018698083260676)
(0.30562957068122165,0.7105702372228625)
(0.23704770690960242,0.7878533908830065)
(0.07262354665992517,0.9023088966247952)
(0.3304033535696978,0.7055626346520131)
(0.1953715560308604,0.764249573044193)
(0.306826630285919,0.7173450172530398)
(0.28309339783154736,0.6939232453482319)
(0.20376873829145775,0.7972792281303576)
(0.14209202212279004,0.8947160290571474)
(0.14284037131466246,0.840005580084384)
(0.2840009303376474,0.752039618699894)
(0.21709721815578784,0.8159541155134227)
(0.3148613945094133,0.7144477661414445)
(0.1427611834407702,0.8368640414387126)
(0.24883498702820958,0.7537223449717266)
(0.19515852161000896,0.8082880933090021)
(0.2258754014233656,0.7568724444312358)
(0.33699156694096394,0.694686890877826)
(0.26764195646588235,0.7833984262079677)
(0.24404793199076616,0.7455858534899968)
(0.23292316106192265,0.7644739381201147)
(0.18215173558571726,0.8052529749079246)
(0.1454766105598798,0.8596874149866721)
(0.2108008192518144,0.7562970177353637)
(0.2429566044423615,0.7652238469604884)
(0.20857051345021263,0.770663786679693)
(0.11474351825188117,0.8458726465468658)
(0.22774563840829048,0.7518518688860283)
(0.11557860635022603,0.8485831184381358)
(0.1395740240383492,0.8241382193056914)
(0.12225561556369678,0.8722690610452026)
(0.15890141136094604,0.8297246826862318)
(0.2601079921290936,0.7448599895434491)
(0.2622022113960853,0.7384624516110968)
(0.2760851697803188,0.7187515992287634)
(0.2202947967490925,0.8034860989539351)
(0.1757445561973929,0.8098384834093343)
(0.08485092132100683,0.8365193457783014)
(0.2612838220621289,0.7662879234952196)
(0.2531377368999776,0.7287246441801903)
(0.3171774036952159,0.7174054321604019)
(0.22040890105568559,0.7842447063654004)
(0.09988295327936392,0.9049433592040939)
(0.18852638473153774,0.8097642720958161)
(0.17313516786657224,0.8637011337096469)
(0.1877225439432319,0.8403719155745814)
(0.25543012483595007,0.7714361108370612)
(0.09703831271392702,0.8488367402213508)
(0.19416583931063724,0.7842306568389422)
(0.1599057051676341,0.8036146007321843)
(0.129989825784818,0.86722024410644)
(0.28021942454131393,0.7543780064947214)
(0.16910320491865877,0.8398196607882431)
(0.1986179140709304,0.8685042075919142)
(0.23965375887277324,0.7365937358049524)
(0.20770539121435652,0.7922326985781383)
(0.2043384976586622,0.7587541846317262)
(0.23569626655825796,0.7882731709132156)
(0.3767256201137203,0.6790141899263173)
(0.13091258602117273,0.8491379036741751)
(0.18598327370655066,0.8183755153647305)
(0.22619904565795587,0.7649088497564642)
(0.09354453944086016,0.907790142772744)
(0.08063794474239766,0.9208171527405639)
(0.1406835802295635,0.8253668938444577)
(0.139655991415863,0.8185323546527182)
(0.14895905618720315,0.85442737229989)
(0.27730799519772886,0.7409984087876347)
(0.1841709619489543,0.8131709881452328)
(0.2800751197708023,0.7091853020989702)
(0.23393225016603184,0.7811618210751374)
(0.2508641776392081,0.7404022492349647)
(0.1735499791323993,0.8224672275067093)
(0.26835149981946976,0.7094665319928966)
(0.19568168768204977,0.8131564116605301)
(0.16986747794451101,0.8052268455877231)
(0.23701282115487862,0.7619152774517443)
(0.10467259765264088,0.8832690702200315)
(0.20952082650235004,0.814898858397681)
(0.27762231511193364,0.7354709672696618)
(0.3060202872389192,0.7264924740858012)
(0.28674801473949973,0.7635075308287466)
(0.13243694314965077,0.8313104508135918)
(0.2653617084278692,0.7932522837737477)
(0.11866968466180486,0.8869093293493112)
(0.21685392609842896,0.8380860543457407)
(0.17965099229213394,0.8501870825081134)
(0.17662190581293916,0.8485264741875226)
(0.220064920107616,0.7389896944314047)
(0.2070158303300567,0.800365392397178)
(0.13437321213316966,0.8572780369769524)
(0.19426146315592807,0.7897839695799181)
(0.2763372763722614,0.7465380064468894)
(0.25014738987015717,0.7390165862994327)
(0.11315239843890021,0.8870908667002995)
(0.08501938980941111,0.8892876408474656)
(0.2765862151950141,0.7458229222821454)
(0.21699431662347582,0.7344997867024651)
(0.22392926999400517,0.787745292871495)
(0.2740735321256398,0.7346747105160333)
(0.21510900386012408,0.7910905936197672)
(0.21533408580561203,0.762270551194558)
(0.23068241105819443,0.7505462331395472)
(0.1883236457933414,0.82917481903456)
(0.10411121709184629,0.8601350898311789)
(0.19363436887730429,0.7876665631848736)
(0.10819752905378452,0.8888246858545736)
(0.15301051973331664,0.8674782556294847)
(0.14849438116317282,0.8498380395207895)
(0.22596223658898598,0.7598145996300482)
(0.22236733536109432,0.7765184332241238)
(0.12077163632971584,0.8755058256689502)
(0.21522667985454005,0.7842947110148815)
(0.16594097530022403,0.8348711360269636)
(0.19654794263011724,0.7625422281761405)
(0.16277958017780397,0.8441051377588852)
(0.2742497778906517,0.7243097751108158)
(0.2530400318102784,0.7167082193113645)
(0.27225419929750955,0.7602668942601906)
(0.10308538858189724,0.8603160603641256)
(0.20409061426113717,0.8153830773914524)
(0.2989911123225866,0.7165472160605406)
(0.20116215928709488,0.79528910190675)
(0.17032760643073508,0.8420487670612176)
(0.1965499445569362,0.7922088853752707)
(0.19176351629204733,0.805857753975437)
(0.17284797617893516,0.8013605566304521)
(0.3167879440402821,0.7073250363381113)
(0.1479483334681606,0.842181810622516)
(0.21500063478399511,0.7949030892933625)
(0.2224920741763885,0.7441520026496208)
(0.2400940140129238,0.7880373649882944)
(0.12755466301850263,0.8776253725873211)
(0.18025974808917977,0.8154608235854849)
(0.3226849028558714,0.6900588768428929)
(0.21432912960234665,0.7440425073859976)
(0.2159505116572313,0.7642565310253793)
(0.3432992805461466,0.7263697426057741)
(0.22830509754642736,0.8239241293526269)
(0.21889250418539274,0.8032109530713788)
(0.22457866070879623,0.8061763766713226)
(0.1821452209215521,0.8347939413873121)
(0.12387230433173695,0.8326264241108605)
(0.2094131884301829,0.7895300067466013)
(0.18966265015032757,0.7947392937704381)
(0.2201729352350879,0.8252225818840334)
(0.17756634924848613,0.8492648402499091)
(0.28117084431453476,0.7340376624523778)
(0.2844486631601434,0.7259670043870112)
(0.1492236711868075,0.8414364989461077)
(0.13631785919473283,0.8548671021977579)
(0.2029481651665744,0.7768566153283062)
(0.18415057113992134,0.8256759581824717)
(0.25659942592895374,0.8013999987037753)
(0.32154364435796196,0.7116236518666345)
(0.12438410584148245,0.8650242031363752)
(0.20328867137832435,0.8567380331320438)
(0.1905709984584031,0.7823391249648399)
(0.15185568006738684,0.8422640806938374)
(0.18999842442053885,0.8118080133673888)
(0.15991936883821664,0.8458910366960838)
(0.1265502711873129,0.8535511594906842)
(0.1917773773041237,0.8081551093830858)
(0.13082670070790536,0.8332790079522711)
(0.16274544651346548,0.8412070770080341)
(0.20406770968645832,0.7687053656605057)
(0.183417265467045,0.8329165533375208)
(0.2032626508857005,0.813209541253785)
