(0.14392148098992996,0.8376107379624809)
(0.20572092529095348,0.8186417192378629)
(0.21053260303055507,0.7856572168454502)
(0.21180850200533907,0.7998847094550243)
(0.24390883967148574,0.7897214739250032)
(0.20017877743956383,0.787953903541681)
(0.19365931419260152,0.7840397212282532)
(0.22083210890678653,0.786767892532047)
(0.22881975721207157,0.7827333216369318)
(0.17804009856788897,0.8237747657860676)
(0.22752422161408956,0.7886125888053005)
(0.2036083576069261,0.7935602295146671)
(0.20017986502847232,0.7915963195856933)
(0.16546911984003143,0.8228162269805003)
(0.18925746430549972,0.7969955145171567)
(0.21870535835699267,0.7987500194658969)
(0.16674812537416522,0.8185940254738239)
(0.20298942670827802,0.7923959215173525)
(0.19971756316332215,0.7974801702764013)
(0.18800269829452115,0.7883019209559818)
(0.1857145448556863,0.81729028066856)
(0.18415313520164336,0.8064683789896024)
(0.2076936224536521,0.7916246440820306)
(0.22087928913413066,0.7856167919537514)
(0.22097472219184705,0.7965188357990256)
(0.19970655800482265,0.79147928367064)
(0.15028651697798975,0.8332087083680634)
(0.1939813025184837,0.8064233421469057)
(0.16474376182392725,0.8094793147022916)
(0.16610259162640986,0.8360299074731299)
(0.1715641144190985,0.8074657131647134)
(0.1616951015699144,0.8338666286361397)
(0.21295159223126076,0.7725321138632182)
(0.19936896689335343,0.79986438512628)
(0.1984232900118007,0.8058921412192285)
(0.19540736128894917,0.7943931085774282)
(0.21098542091172653,0.7923041869785878)
(0.18625268821869562,0.7940492229490114)
(0.16404590106699185,0.8364807703328104)
(0.1708966971268884,0.8317114673560586)
(0.20687060327061824,0.8143649462090573)
(0.2104144868627457,0.7776805429244956)
(0.24116527998587825,0.7698409370580367)
(0.20103438711195254,0.7920693501589687)
(0.16007898575905,0.828375176490297)
(0.23198072236327602,0.788037507822779)
(0.20197310806356866,0.7999747962873176)
(0.1478305603455942,0.8335054310862302)
(0.18560689017250842,0.8074550156984031)
(0.18579403329251135,0.803015262458313)
(0.19793643011878953,0.7938617945452335)
(0.21339915715227473,0.8037506038270257)
(0.21348968724646789,0.8018506847794777)
(0.17350194022296703,0.8072810719063127)
(0.21294734005696037,0.7961805516436146)
(0.17141987664907304,0.817524106782454)
(0.19162958527845475,0.8149729258313313)
(0.21752437791638632,0.7861976943461506)
(0.1828237312732562,0.8131968982656484)
(0.22308457863885559,0.7945509342959962)
(0.15940460617100494,0.8282506162987829)
(0.2016466210700971,0.8065514636775795)
(0.2390454675787764,0.768092756695861)
(0.22575621518272868,0.7817510651462116)
(0.20994257531773552,0.8122650260006105)
(0.17370206421262538,0.82819539773539)
(0.18397058412779435,0.8044447033163986)
(0.2710782232264258,0.7530052634359381)
(0.2310219057698244,0.7569888191124232)
(0.18137219345820438,0.8098584363376865)
(0.19697247324260295,0.8032369544418603)
(0.20439349702431686,0.8083814434974905)
(0.23130912299532036,0.7805538669377475)
(0.19069189280902826,0.8144600011716817)
(0.2006892257118477,0.8001388618603495)
(0.23265156018360744,0.7711137857586055)
(0.14845005163739672,0.845317486610444)
(0.21522433425481013,0.7775081571912618)
(0.2376035761660706,0.7796588397517794)
(0.22900794259516974,0.7747127541553417)
(0.2021297946872541,0.8150260080783501)
(0.1987285399264055,0.8028159812033818)
(0.22210400435134953,0.7825199555277441)
(0.2190903136722938,0.7910670254731643)
(0.18120773826742548,0.8186301486633859)
(0.20476947028810225,0.8087652823506133)
(0.19812382121315383,0.8046457573927113)
(0.17569854570554724,0.8323157933537346)
(0.21116152715080733,0.7859265527004906)
(0.2116888318951918,0.7991514177116539)
(0.19901464794506799,0.7891771682106306)
(0.20761389736967886,0.7883179887335362)
(0.16573655328522666,0.8116828872178837)
(0.1749699664516229,0.8246292295373745)
(0.1945751253904393,0.7882962197098288)
(0.2019060578882425,0.8005431471378236)
(0.2177806691407841,0.7940123335508608)
(0.20363565551799834,0.7988849984342131)
(0.18908266480710828,0.8093211920798551)
(0.24944050804917314,0.7712300008268546)
(0.20770359804649344,0.7989257706321304)
(0.2162592622393691,0.790855118795113)
(0.1690345810349847,0.8077021216676994)
(0.17352399234743912,0.8206348368076638)
(0.19647347253461106,0.8026043281154885)
(0.18923561531110017,0.8256821724740447)
(0.17265975422535693,0.8321230286814656)
(0.20012097584331837,0.7927040340844176)
(0.2533923464264011,0.7591974896957433)
(0.19048041758880574,0.7957244873656845)
(0.179872771420517,0.8111888547074366)
(0.191378628791165,0.8241070827201885)
(0.20607210210601848,0.7946840301850765)
(0.18715697893009817,0.8187879071494203)
(0.20347768030277716,0.7938130932888753)
(0.221323581983903,0.7647734689377194)
(0.19555733999985578,0.7992080708430185)
(0.200980716898705,0.8210702484393303)
(0.20391590153692454,0.8103505429436416)
(0.2219348129737101,0.76396197319366)
(0.19014480514433033,0.8043352263890301)
(0.16086970823625338,0.8173529197903594)
(0.19357268489675705,0.8193867911100782)
(0.2275101721384431,0.7624237256424112)
(0.18854707729840903,0.7991038425093641)
(0.18833703697657006,0.8138634862749019)
(0.22805457661180856,0.7878187390872906)
(0.20044840525574312,0.7708017910795512)
(0.17821672940687827,0.8056889089728421)
(0.19085682751903293,0.7934581062097569)
(0.18616234500151926,0.8214715396094107)
(0.18938612777079306,0.8069132895379098)
(0.20089594592527235,0.8058218044241853)
(0.2275184548979439,0.7702228481462186)
(0.19079790860657705,0.8171381720953935)
(0.22547639833794916,0.7867855201705221)
(0.2181474482423488,0.7964193398160438)
(0.1675223672860947,0.8004811378387117)
(0.21256173551013502,0.791856700495283)
(0.19431148632513956,0.7971213275583069)
(0.15842243672707618,0.8129528100787262)
(0.20915679810300014,0.7746465403152901)
(0.223637239154308,0.7980802593630635)
(0.22224044885291755,0.7767783855961026)
(0.19466470039006695,0.8134436745771927)
(0.18745059531694566,0.7951830905050006)
(0.18105276173617277,0.8090208660205964)
(0.18490051132018887,0.8123121861365319)
(0.19317590699446088,0.800177171570716)
(0.14378347439550296,0.8318427674320916)
(0.21395056262620182,0.7948536117154721)
(0.19569732358215589,0.8050668183264883)
(0.22528364520802832,0.7584660685687677)
(0.21753414108441455,0.7935812116389206)
(0.22083650191161422,0.7936267364904798)
(0.17113418383466947,0.826034207228631)
(0.1750102841308466,0.8101245087546693)
(0.18809013785345904,0.7945426942494878)
(0.19333131275805904,0.8095721820857075)
(0.22343148448160974,0.7931619733031466)
(0.2269045545749911,0.8023280057632087)
(0.2299254334203778,0.8032227458780631)
(0.2282865126330318,0.7723345872383215)
(0.16688789813065955,0.8063114125505481)
(0.21978427259019293,0.7900642057434558)
(0.20999751352123458,0.7916553380641678)
(0.21073226422593666,0.8232713784560506)
(0.2017825750948945,0.7901992406051417)
(0.1830132651573994,0.8225240959881003)
(0.17426083895598363,0.8024575386635187)
(0.19883914010572,0.8178793468997042)
(0.1781829449222353,0.8016495908220118)
(0.18570829030463387,0.8265009428124519)
(0.22654334955980815,0.8077349964758539)
(0.1862602895152798,0.7844511450156735)
(0.164578686691017,0.8343305832328897)
(0.22153625085429457,0.7788365901050912)
(0.21643650097953962,0.7873296503117828)
(0.16700504225215582,0.8044625798959937)
(0.18237216101553966,0.8036285871175933)
(0.2514514796613146,0.7455321637217472)
(0.16991024438372446,0.8284958834631213)
(0.1887873238971986,0.7860471754069426)
(0.1732433800785709,0.8412400671343414)
(0.17024008815408778,0.8182741406311905)
(0.22341879376970175,0.7889862467458276)
(0.22393588455059305,0.8029783400652939)
(0.19354492453168418,0.8009669007887132)
(0.1851093545442264,0.7923790649507929)
(0.19233354374716966,0.8013065345319987)
(0.21526157683338884,0.7788413760624672)
(0.24330244217812058,0.7577169326200504)
(0.19554569704355054,0.8012459317165608)
(0.1600482361709479,0.8046782554968603)
(0.18542842273508026,0.833676281626635)
(0.2297360838987002,0.7940360746010392)
(0.18861698964638354,0.8060356566657225)
(0.16068755164930093,0.8230356512163577)
(0.20461825177337353,0.8196104771557374)
(0.21880049774257065,0.7670213025947562)
(0.2256682313295605,0.7804616318544438)
(0.20124347694373576,0.7961030736779058)
(0.20684780769868594,0.8026155530515141)
(0.2192132974598381,0.7889631574844735)
(0.20631336798411315,0.8058187750035447)
(0.24154125618184624,0.7885205472464694)
(0.201599937235563,0.8015346623941286)
(0.2071706068506783,0.7936342258366216)
(0.1606971513451551,0.8294145121367669)
(0.22002977766776843,0.7905676703425754)
(0.19299129785446784,0.8121461091487107)
(0.18426415056573406,0.8070327520272317)
(0.18713864546865833,0.7921664488241247)
(0.19007783755271526,0.8242983449312095)
(0.21877328379439018,0.7929351141864335)
(0.17924197247072055,0.8049648696526014)
(0.21296427597630943,0.804711254922619)
(0.2197641540164869,0.7908752871694115)
(0.18451959041207663,0.8256502235902144)
(0.19922699954874942,0.815457220172824)
(0.21250701592355947,0.7897865308915653)
(0.21013056973554003,0.7868599629655909)
(0.205305721577717,0.8158333116000697)
(0.16143401781786204,0.836688466149119)
(0.18084306862097113,0.8000918534623057)
(0.2003468615067079,0.7887362947176424)
(0.23360278850362814,0.7776483732585074)
(0.19707587154737757,0.8065964412141703)
(0.23401631836348946,0.78262136752556)
(0.17797145645729875,0.8223365349657913)
(0.1531648388861014,0.8253315999908466)
(0.22272643376941573,0.796307524511234)
(0.19029281351778346,0.8063228295913747)
(0.19867517375434493,0.8094640366041717)
(0.2125784921442873,0.8121744864494943)
(0.208917159913381,0.8050585124447729)
(0.161989604183771,0.847282859588573)
(0.21480284779325304,0.799398678574795)
(0.17870024745773846,0.8025521282021121)
(0.1761133117524482,0.8090100803884828)
(0.22266724893334056,0.7838033534612735)
(0.1726126020207669,0.8130870427436303)
(0.2358720577645393,0.7938920873175394)
(0.16907782100371724,0.8376993636296852)
(0.19593662057203307,0.821630992563577)
(0.1664715042516465,0.849640069718197)
(0.17796155442609113,0.8095283089698081)
(0.1658135924242774,0.8195868185173845)
(0.20937009635897091,0.7869752112099621)
(0.22811481374924103,0.7966398433966573)
(0.14096712419943389,0.8486081893638665)
(0.1699681324843072,0.8183880191307524)
(0.1758426461180582,0.8153397710871757)
(0.18629776248184018,0.8020419822996875)
(0.18795771964521446,0.8055220933034045)
(0.20776942749966962,0.8154749669407085)
(0.19872923728101688,0.785939393203839)
(0.1997787810383342,0.7899991861522208)
(0.197320623864285,0.7834629887588541)
(0.2104134883813262,0.7962476187302234)
(0.20704904588953701,0.7931188580892944)
(0.23054876433104576,0.7883911707500569)
(0.18173291456318774,0.82708243833466)
(0.22162323947397827,0.7874340123662456)
(0.20798972004324418,0.7943110066110063)
(0.2139799221085537,0.7858938519415105)
(0.20493992491660462,0.7825041052720099)
(0.2338656164246487,0.7757750947526711)
(0.16977610444451072,0.8187613387726267)
(0.18499809502329223,0.8272173727711948)
(0.20963988802745498,0.7872006706481331)
(0.20249826346343722,0.8025705885010949)
(0.20534149154340778,0.7901112356685821)
(0.21881828758799401,0.7973182600868198)
(0.19923055195509773,0.7870789513854252)
(0.19223023705304215,0.8040880912932614)
(0.16809895003918007,0.8246755705376823)
(0.19461877607734684,0.7880497440700877)
(0.2042145854130722,0.801313635932277)
(0.19215521055806872,0.7987361701471032)
(0.16217746828799906,0.8234469145576355)
(0.17655152748300876,0.809726903476779)
(0.20408060183662832,0.7998581478385087)
(0.2301482675574079,0.8014117212445928)
(0.19245606644775004,0.7988501397918523)
(0.2098721058786663,0.7980595593945085)
(0.17631008706588286,0.8050205581163293)
(0.22588309413148308,0.7793457674410799)
(0.1652303777372224,0.8135333205111912)
(0.23452500548609684,0.7798113239980379)
(0.17468247793761948,0.8426149345466102)
(0.14863765898875678,0.8347625731559865)
(0.19594017069902878,0.7867802392230399)
(0.19298637537055904,0.8080119729187868)
(0.1920186812380205,0.8180618765463222)
(0.19585460443333902,0.7970265010146763)
(0.2050021364922122,0.7957691670922092)
(0.1898012749809619,0.8055817077163768)
(0.2315525940007881,0.783547594332833)
(0.2255466462381198,0.758164034422918)
