(0.023544239118391614,0.9507201908025835)
(0.2543983100377544,0.7178899228911682)
(0.2274551437169525,0.8019247902758525)
(0.2756951045887917,0.7479321603851027)
(0.21945577618685116,0.7963900720537447)
(0.24508879687109694,0.7593233644769238)
(0.24438397824010313,0.7584378930226476)
(0.0683025894880613,0.9121147224607549)
(0.18208924064655407,0.8006251742198164)
(0.2374644176027795,0.7884233367730156)
(0.08764578736599078,0.9286532410742979)
(0.15138849871804538,0.8072692357499068)
(0.13128371061694166,0.8513300428161511)
(0.2261957139696339,0.7923894399772862)
(0.28063179319037973,0.758751478158055)
(0.18445380892448085,0.8079109804847777)
(0.1565829072518416,0.8509308022110698)
(0.1881824224155031,0.7936373145187854)
(0.1347272897199195,0.8416435820332466)
(0.20687245716240685,0.805877955479774)
(0.05353836547683765,0.9344981580021781)
(0.2654372237254583,0.7727247644707022)
(0.3631425622133177,0.6806819626603049)
(0.20325392491208258,0.7667875223089096)
(0.13853112531620534,0.8608571609236406)
(0.1868270644626652,0.8196412515887639)
(0.2323907541429616,0.715363531574644)
(0.2004259781186876,0.8392625100674612)
(0.12669039498652346,0.85285260320161)
(0.31514834009517156,0.6973458487951514)
(0.23415454672514677,0.7727094753351106)
(0.13496793634561624,0.8585072610257373)
(0.09402271303986695,0.9157193922152982)
(0.2254224471295036,0.7908513270233817)
(0.2307229849865644,0.7957157792902698)
(0.27514567529753725,0.7503701576516152)
(0.1279119627779423,0.8717157970362078)
(0.1656273351992009,0.8042961720366923)
(0.2252870663655885,0.8020380277957713)
(0.20932311034993617,0.78322297721268)
(0.024919354055016257,0.9556743997417406)
(0.2888991130694623,0.7551985457375158)
(0.2559244497765933,0.7312610718728375)
(0.1253633660274275,0.8801026273941872)
(0.33753466622658607,0.7142422390870409)
(0.15723103435367541,0.8791033919608296)
(0.15639113345279193,0.821464538973954)
(0.15278205948529405,0.8468890555800771)
(0.19831993536563733,0.8138652036813203)
(0.27424445954587945,0.7624722125595814)
(0.09681076869749371,0.873540882457213)
(0.21863293661609942,0.7801926668113759)
(0.40722798685492484,0.6142200870390176)
(0.24917722573084175,0.7227685451582943)
(0.19628309716029718,0.8213685367767815)
(0.3296452398854683,0.6912181727343942)
(0.28929583671478226,0.7195413454179141)
(0.29336147900378495,0.7315168378816022)
(0.2902002745135415,0.7442111150246357)
(0.19442332294768863,0.8147143528707409)
(0.32233023501604147,0.6678908533704689)
(0.15343490961837494,0.831887172852934)
(0.10827152023150903,0.8602943003449749)
(0.1726797784541069,0.8114892437710363)
(0.2647120228891595,0.7609183419122622)
(0.20267451166773157,0.7789562550714473)
(0.10855514083197453,0.8989212964077367)
(0.10125877369375495,0.8991271704152958)
(0.30886595894288105,0.6872574598504358)
(0.3365199422942469,0.7035278744204899)
(0.22468483061719888,0.7557886676990541)
(0.1342733942391958,0.906986359148415)
(0.33446373009642183,0.7104100959781849)
(0.2008749100955596,0.8243621551315166)
(0.1841399003098513,0.8322092977384931)
(0.12137284986666187,0.8552256357720982)
(0.25515712840660054,0.77413811611125)
(0.16810705302077172,0.8392019713440321)
(0.24900676594632376,0.7680942403378713)
(0.23191582238218225,0.7666986385303498)
(0.12449952265935813,0.855136887345986)
(0.2542309446634322,0.7496386723040699)
(0.10174441115517821,0.890198315232766)
(0.22470141187025164,0.7917115002544256)
(0.17293658245902477,0.810794129685922)
(0.1489501497214202,0.8250608726282382)
(0.15249574155606493,0.8138053793327288)
(0.1682335282583377,0.8145264435682477)
(0.24911101554231188,0.7803081053775593)
(0.14479709002251456,0.8848317895748717)
(0.26382027976978295,0.7573427085543414)
(0.22453344922975899,0.7880838178332508)
(0.193916292165145,0.8262053670492846)
(0.11733350904216117,0.865293449042581)
(0.20836497732512171,0.7974662277184)
(0.11343251943934599,0.8704815218379406)
(0.21708018185531963,0.8154945606105738)
(0.3244299960130248,0.6763152433808844)
(0.2417664625417735,0.7882015247588319)
(0.051239483660080035,0.9233255240780068)
(0.2025941117883116,0.8166220206406815)
(0.07838181560578975,0.9575281779382653)
(0.26741462024843976,0.7618294792008883)
(0.28319436446277224,0.7163159653885813)
(0.2570691484660617,0.7573318537343772)
(0.24969844726241108,0.7381285149655697)
(0.17819964536525273,0.7895346716968407)
(0.21718327894408068,0.8064245113204225)
(0.19365984054417112,0.7752583687176752)
(0.15696099392453472,0.8295075172794575)
(0.053524594749905674,0.925151855441646)
(0.23908456240374837,0.7619952617525163)
(0.18330445649085345,0.8014924250104233)
(0.17988940870523884,0.7756283098837081)
(0.23609857386062647,0.7799347176797)
(0.2182999047780646,0.7492084479177049)
(0.3286299451367438,0.725077355029658)
(0.15440976469605144,0.8245001373583937)
(0.11436955822577152,0.8505804085338847)
(0.25352030687142996,0.8150693447895273)
(0.2518213901823111,0.7135476847496431)
(0.1600309663213514,0.8229376290710452)
(0.19454625677063445,0.8074445700759643)
(0.21987079100173498,0.767906909516746)
(0.227174820107701,0.7481890814972532)
(0.25494961743483174,0.759415630805107)
(0.1945647713578855,0.7963874338315398)
(0.1517890966246464,0.795004874539258)
(0.25908029250628667,0.7476289042614899)
(0.15863174761624976,0.8487703615852812)
(0.14457644944724904,0.862029214065333)
(0.3142552943997948,0.7048581555492136)
(0.15324886517027614,0.8407240981398505)
(0.20425820667149727,0.8276841457984101)
(0.3223728676024001,0.6852112230177122)
(0.07226139104078763,0.8996175265353804)
(0.3472860299987,0.6391868582687747)
(0.18705677266458004,0.8042363764155676)
(0.1774526016355044,0.8219999343463176)
(0.12693512056085335,0.866724733567894)
(0.13907125909417087,0.9153938735084433)
(0.10511168682385952,0.8974245124630156)
(0.1472881986830678,0.8541021475904141)
(0.13918890947174398,0.829404851696989)
(0.20465005569822559,0.7896021398133147)
(0.17242555078064806,0.7976463882680604)
(0.2752123295202342,0.7613647343082198)
(0.11133247112853034,0.9088220033052505)
(0.15224223149047045,0.8296116841606829)
(0.14963344825880623,0.8597964139781995)
(0.22812364852176392,0.7709117285446855)
(0.22599958627427377,0.7846704358715552)
(0.21620335777227326,0.7782797282525195)
(0.3039773174799381,0.7094333651176736)
(0.14896431210072236,0.8282408000974333)
(0.1786951597560186,0.7912718114106472)
(0.13019237760345434,0.8423980526553766)
(0.26706048886483047,0.7292821412582057)
(0.2702657557593919,0.7071889569538735)
(0.09042026946199162,0.8926199959340854)
(0.3212132380092658,0.7198643071263134)
(0.20975926933196318,0.8314954601111626)
(0.21848997857233576,0.761718954404859)
(0.22914216637487977,0.786803930205846)
(0.16440136013077092,0.8000239390252483)
(0.14265841288158462,0.862114852466034)
(0.27262680185271126,0.6887751440935571)
(0.1606719890129508,0.7902377117851578)
(0.25281834437996725,0.7642393606870472)
(0.19011299790605737,0.8039855870781336)
(0.3225621184135495,0.7069441535355898)
(0.2528257123898818,0.7898770874807675)
(0.18064892975093239,0.8035154392432478)
(0.19488292723158993,0.8028745275852268)
(0.23974813350137889,0.7514705075809541)
(0.2213621901965015,0.7932174692075572)
(0.19815105190409085,0.7971594047423931)
(0.18644716068994102,0.8323857177821531)
(0.05728565100407928,0.9227030995494989)
(0.1530435388853112,0.8278133335462964)
(0.27764417909540084,0.7335729258419524)
(0.32364978460179933,0.6746144336011614)
(0.3202337693248184,0.6788174723629239)
(0.15658798986772787,0.8572358211443971)
(0.2860664014496364,0.7058094273956321)
(0.14036617558647035,0.8548989106919672)
(0.13668119673027865,0.8162460509375961)
(0.23335761945913153,0.7976956420870602)
(0.2729374728216407,0.739163720628428)
(0.29214405896393797,0.7303205530624889)
(0.2088551486219363,0.7921750297459503)
(0.19032850901590115,0.7886164782569886)
(0.06343524353547732,0.9232116638778116)
(0.1700307466374416,0.8450303711958286)
(0.2971883482182511,0.7513375194935895)
(0.13745372074971968,0.8423789368608777)
(0.2604092980445586,0.7445238018107719)
(0.19725472217848572,0.7891299913670262)
(0.10716690298332406,0.8863262998270719)
(0.30374365054766456,0.6942927331477918)
(0.27632109831427254,0.7426157992908445)
(0.1825945023522972,0.7951300689025996)
(0.1917510767744238,0.8454850260485063)
(0.16183079504213094,0.8019878824820397)
(0.27109849508187467,0.754483891911207)
(0.30172304706217995,0.6845235011734669)
(0.26161524960874366,0.7630739520679051)
(0.16061658828248512,0.8364373542107434)
(0.21343373017346884,0.8099516732740961)
(0.1554314987263318,0.8526281116860541)
(0.22020138013372623,0.7825513661122296)
(0.10430010429236077,0.8977671708088252)
(0.18997545108105265,0.7956890095127166)
(0.20063655434743072,0.7981666103990147)
(0.17687606318508536,0.8439452517219773)
(0.12655251759405478,0.8508485524828)
(0.14822909376830648,0.8458648065280773)
(0.2820349754579961,0.7419775998349137)
(0.23250138810993248,0.7863913958361576)
(0.18396195725538436,0.8459777989657354)
(0.23551476512648964,0.7960671673207858)
(0.1375525407470733,0.8353904188250463)
(0.12366903700284483,0.8610713287940098)
(0.2174619518394205,0.8028265822170639)
(0.09809345544474714,0.8570392138709586)
(0.23445796049874473,0.7520809290640887)
(0.1368385287916507,0.8573676295893606)
(0.2386290085457058,0.7808841511881249)
(0.220789280573541,0.7997010226591008)
(0.22293009577646739,0.7680390347337016)
(0.27768652633892354,0.7332815404351829)
(0.23709677402928106,0.7885169722713512)
(0.23477730333456054,0.7867293994862964)
(0.12424113172983882,0.8661628753174736)
(0.19864415885042658,0.7920725724799786)
(0.24300183283630244,0.7607837768504683)
(0.09650794106342242,0.891387443767685)
(0.14004418642292293,0.8503878007991673)
(0.07830856325357557,0.8832965871085144)
(0.20532368086760996,0.8109073702084378)
(0.10690545384486942,0.8876426701397527)
(0.09697554222528983,0.8418769006138149)
(0.26202694572484553,0.7453483157558799)
(0.13452112680171124,0.8639066526763)
(0.26801223166047655,0.7712249104442375)
(0.14643127453952284,0.86319240783603)
(0.27169902455986017,0.7253578792978798)
(0.39997889551741717,0.6105031234509173)
(0.25939990640582433,0.7589171665250845)
(0.2123386038870288,0.7898954726918802)
(0.12561791444748996,0.8545155576787037)
(0.16495312493227496,0.8289898661198815)
(0.22826385529450988,0.7583920329755592)
(0.24577419283407628,0.7675323899599531)
(0.13349536014868743,0.826414627104984)
(0.21624030952860013,0.8099166822589874)
(0.18301923926832453,0.8099375802728814)
(0.10197946138416912,0.894879795419237)
(0.19406940086690053,0.8456638934634917)
(0.1356119675650897,0.8956162949847737)
(0.2813863221636955,0.7057850621213981)
(0.3536418137902883,0.6524095247948926)
(0.3089289506979355,0.675428506189326)
(0.18839545900274302,0.812502092949905)
(0.14672083221956386,0.8754601262766283)
(0.12086022305423921,0.8892483325767542)
(0.17201788780809207,0.7824044517508418)
(0.22323476901773837,0.7410357719747249)
(0.1678452172454075,0.8268791665595344)
(0.16200828679228163,0.8063950208198043)
(0.20956700203932546,0.8480267604151294)
(0.2081277057570474,0.8536656454504885)
(0.21673590542187315,0.7423529240121564)
(0.22247605345541951,0.7560788062445492)
(0.39060386495420046,0.6049377756456891)
(0.06464105556118802,0.90824253621167)
(0.10345213942919268,0.8701196371054877)
(0.21231159562655083,0.7876230398577125)
(0.2410945660836499,0.7535061481557439)
(0.15022805555818272,0.8287800778892034)
(0.1836299408238598,0.7686571261882993)
(0.1991941549282698,0.7839839508917086)
(0.30033684668009414,0.7346492776215218)
(0.15099973700359703,0.8675531819789314)
(0.20331470178526728,0.7892970237573529)
(0.3094925785665491,0.675931270660652)
(0.240624182562055,0.7486440143665456)
(0.3168827364665988,0.6669783849449977)
(0.18856958569106433,0.80438578639096)
(0.12347458356325997,0.8713562088395391)
(0.168574714474624,0.804691346837642)
(0.1845347202577648,0.7875614516339821)
(0.1502911505886909,0.8594795715012309)
(0.23869434681022653,0.742427444290131)
(0.14204103975581264,0.8224325232115817)
(0.21203012317201048,0.8386322321742882)
(0.23173648612078418,0.7887473551568139)
(0.12353904820352414,0.8782744095500207)
(0.15111664716498088,0.8373991577242476)
(0.2580899080330338,0.7630223671777804)
