(0.20934340584055175,0.8035903974150355)
(0.1641951150009863,0.8134399797851886)
(0.19811061714235925,0.8057819465867186)
(0.19003023157698637,0.8049282565774518)
(0.19882253698812366,0.7978374539380433)
(0.21972832074534707,0.8008401999229309)
(0.20882105450026198,0.789308683756206)
(0.18846500379667627,0.7877429734914079)
(0.22244690403089754,0.8024221725963565)
(0.18717064917240428,0.8065734298041919)
(0.2311928708282378,0.7814196488438397)
(0.21656425199906806,0.7992495095400469)
(0.19586923101781137,0.8025574036093557)
(0.19491043044146047,0.7992502182389235)
(0.19270132585947464,0.8054208592895858)
(0.21311577831335193,0.8070410264600231)
(0.2103465940575478,0.7948978939950343)
(0.20762902234732072,0.7923337728994565)
(0.2110541468854337,0.7921984944230667)
(0.2096349997741274,0.7884610796289399)
(0.2055262651566303,0.7976923304496916)
(0.20166401380746315,0.8017435730169521)
(0.23420039461394523,0.7748089600260819)
(0.19831684601153038,0.8103006566882616)
(0.19946118888235065,0.8055573279158746)
(0.1976526146665308,0.795646256881523)
(0.228235527904422,0.7822388047751344)
(0.21168802918397928,0.7980044952159733)
(0.20917316630128682,0.8015040763797496)
(0.20858646189236876,0.7901862492736408)
(0.23146005100398603,0.7894419573266206)
(0.19963454582236903,0.7915980517591573)
(0.2151068620097854,0.7927942014884298)
(0.18711925220835704,0.808192442669908)
(0.20349392447002063,0.7985125354768208)
(0.18208930528245798,0.8240137139075949)
(0.1976953155636571,0.8009041171229073)
(0.19782712827434226,0.7964097558150438)
(0.20887181329339358,0.7950685217271312)
(0.2066492131355386,0.8057905064991839)
(0.22435151535167452,0.7856267870793311)
(0.1935148955870124,0.7943751638895425)
(0.2011775605859033,0.8010030245336945)
(0.17718532700338455,0.8120979800433028)
(0.17605650785644672,0.8133261684580697)
(0.1818987513504082,0.820672528975528)
(0.19618515355296626,0.7962135200385025)
(0.18352747795545063,0.8108929462583976)
(0.18587531399220217,0.8193877932932847)
(0.18941902899970786,0.8153244734181502)
(0.18339513377777034,0.807310487073193)
(0.17752831864515853,0.8072937661131743)
(0.21687711853034372,0.7838432868757021)
(0.18953848707740742,0.8129069466383642)
(0.24153667756204042,0.7773276974539883)
(0.21784451007455188,0.7858296313530061)
(0.21738835106188883,0.7926539588417864)
(0.20106608997558353,0.7920155809311895)
(0.2032392212445916,0.806872359722077)
(0.1850518494625295,0.8086307383558562)
(0.1956086956354902,0.7970130580880785)
(0.2152797550915005,0.783446899365871)
(0.18640285772687137,0.8084069420493014)
(0.19512441671031094,0.7967620235108386)
(0.19067436280308941,0.8201374379042657)
(0.19114535953843112,0.7991706496917531)
(0.19392097737220765,0.8139244419274358)
(0.1893502132227573,0.8130359904723082)
(0.2149426267780355,0.7997643890544089)
(0.16695353596982176,0.820116526506583)
(0.19806886679946567,0.7922237430404344)
(0.19055550425356968,0.8004479539521895)
(0.22990224461177747,0.7684127524320848)
(0.21107111594417557,0.7807888732521857)
(0.19330922954402183,0.8092028601481526)
(0.23486638945551985,0.7782428527688457)
(0.2054782452853774,0.7894455601912095)
(0.18500634647839023,0.7953188033610882)
(0.1789105526072991,0.8124852673775739)
(0.20010056938237622,0.7944603961306146)
(0.2078593168695485,0.7924503434850317)
(0.18515166791599064,0.8336961963746544)
(0.21622720943677826,0.8012067780253137)
(0.22324104874331455,0.8005394948229018)
(0.16431910360789848,0.8224355725229184)
(0.2132412272965554,0.800055642095642)
(0.19981809050475133,0.8029564816136086)
(0.1950978865582128,0.8000040656416438)
(0.18810294679454112,0.7992663886881716)
(0.18344790322371035,0.8079481299414643)
(0.20481888590521205,0.7986826463204337)
(0.2023276541343932,0.7924430997363833)
(0.22281099473821814,0.7859455042429261)
(0.20083259467271616,0.7948788359512946)
(0.18786737815494498,0.8148585037931795)
(0.2302110321932635,0.7833058494279179)
(0.19662108074191578,0.7963999748963163)
(0.20292040521079743,0.7992926579713656)
(0.21821147639174984,0.7925419520272555)
(0.18529998777442985,0.803756132108199)
(0.21491038999667972,0.7957850786933451)
(0.18320297174492192,0.8222641937616936)
(0.19479366970408662,0.7893691494183797)
(0.17758432712536765,0.792253656760987)
(0.17796885834047413,0.80483612239988)
(0.2118885749241979,0.8018005828039252)
(0.22415573786527968,0.7757690923197474)
(0.21485391677168467,0.7923403675691674)
(0.21544885420023577,0.7923500765546673)
(0.23368772546875285,0.7849445105899393)
(0.2038985821760289,0.795030067033294)
(0.1897184725151342,0.8172319717510431)
(0.18132273674606453,0.8031485537902983)
(0.21094032489934472,0.799752977788377)
(0.19404550675384283,0.819336080583217)
(0.20569259810845653,0.7903514156273483)
(0.19043067950761602,0.8078233958166467)
(0.20719265937084194,0.8003679292905296)
(0.22662563942237457,0.7799247399410579)
(0.2140917353978181,0.7819660355308338)
(0.20102647233925647,0.7999624238321872)
(0.1879070109725435,0.8149984055393983)
(0.21308624328579828,0.795809542133745)
(0.20725036710124034,0.7867127399993744)
(0.19380261013839925,0.8003914238475971)
(0.20342695464494,0.8011271002304289)
(0.21235754377575453,0.790984495446598)
(0.18120841230979542,0.8148920545433996)
(0.22167907360500008,0.7923970631455436)
(0.2330057421305094,0.7910437882581908)
(0.2228168289435882,0.7756212150238859)
(0.1844692280615636,0.8080050349079108)
(0.20640914157191276,0.7887934203048957)
(0.19998393870678238,0.8015901188856446)
(0.18574316862769674,0.8132753010211332)
(0.20368812904293304,0.789439479931605)
(0.21158240858586913,0.7937303285496496)
(0.2095325904456186,0.7822242237862195)
(0.18180647886802373,0.8085689615603607)
(0.19976405676633918,0.7993865696745518)
(0.21505349618655079,0.7908087622917964)
(0.19434070482201743,0.807815348908531)
(0.19619469548487084,0.8072173550044672)
(0.21209279668830947,0.7943984569210347)
(0.21457398300827138,0.7961262966249835)
(0.1970552877818358,0.8037135314521553)
(0.1954196158798576,0.7979715066133728)
(0.17789090766367582,0.8159973912283263)
(0.206585923451172,0.787051068355438)
(0.21006528593231155,0.805653178461613)
(0.20703145033653692,0.8080185979360913)
(0.18598083200966034,0.8010409483399653)
(0.20005810492051584,0.7987322290404002)
(0.20796129763950008,0.7974310046480105)
(0.16014748660000275,0.8260537286194739)
(0.2020558575357172,0.8010766601607153)
(0.20972629857871292,0.7864667592294691)
(0.22899131932337097,0.789572561656098)
(0.19268013489471858,0.7860970473450887)
(0.1836849217844934,0.8059631571844502)
(0.25571095772964697,0.7872977121586858)
(0.17612100555666882,0.8203662723369014)
(0.19321626000794626,0.8083245601731728)
(0.20613335682559453,0.8048061668000016)
(0.19497896338284834,0.7994752314270459)
(0.19873200211728964,0.8036302512475199)
(0.19554272013753854,0.8003731434069151)
(0.22889360038764262,0.7838799239286376)
(0.20290828170998912,0.7876777158910632)
(0.2195026034598707,0.7837956203428568)
(0.1849538119808786,0.8224972396492766)
(0.21600535209771388,0.7899356297717081)
(0.2290793217901775,0.7957847076689201)
(0.21321073910593474,0.7927594061602726)
(0.19190127009182353,0.8164957614846915)
(0.18178894964363337,0.816760279865464)
(0.24169529287411112,0.7762075538800092)
(0.20866998031160683,0.7903785438916497)
(0.17514432100606683,0.8247116105688743)
(0.22220065154576765,0.7877653729594325)
(0.16564595433386278,0.8292543338765406)
(0.1818907385931201,0.8169858589052139)
(0.20509857494953093,0.7851956732787482)
(0.21134787214670697,0.7943683134033157)
(0.1460483312821867,0.8271774667722692)
(0.19602963161480122,0.8083159386944615)
(0.19178594192932752,0.7997478246514907)
(0.19750053201666576,0.8037379744643222)
(0.21267379143726112,0.7891105048095263)
(0.19289013333274377,0.8004722015074406)
(0.20907963179376945,0.7937732872632297)
(0.19181756118266827,0.7995922234127263)
(0.1944039620190632,0.7994589382506071)
(0.20664600161052657,0.7925742592207724)
(0.1872774419542514,0.8157012304422808)
(0.20461691048661657,0.803345327290774)
(0.19873851131058742,0.7937510923817892)
(0.18893766141954832,0.8117451020848738)
(0.20401994257053163,0.8046284100252625)
(0.19923463623025664,0.7952225843327319)
(0.21135707290507216,0.7906662387555069)
(0.21220300763019986,0.7914789153679409)
(0.20066148176984472,0.7965029467189847)
(0.20775179534593258,0.7884881655357142)
(0.18886597387350137,0.8056760714765174)
(0.211535133463878,0.7886370189103116)
(0.1855957285135662,0.7873725768435178)
(0.19682113270019325,0.8115077407368471)
(0.18432614888764912,0.7969056985058688)
(0.21069195128539955,0.7918142466538325)
(0.19562341073100412,0.8035528919295853)
(0.15997640340188155,0.8275844557978662)
(0.1918260813294809,0.8095753078659188)
(0.17756929725294543,0.8227860175876784)
(0.19210439618813038,0.8054499765073115)
(0.20944268114582437,0.8050564907857858)
(0.1842645175060645,0.813157977607255)
(0.19851220939017938,0.8052346718854979)
(0.19104535799749403,0.8101086715825697)
(0.2183698264649436,0.7904909669282633)
(0.19779200017526485,0.8011201599554556)
(0.24101543175646833,0.7523335288020875)
(0.2118243786630125,0.7876343957272931)
(0.2039564092471044,0.7961931393287687)
(0.2167530488557564,0.7828295109377806)
(0.20235629850438866,0.7985636276268777)
(0.21916147114728432,0.777578399867551)
(0.19397550098460487,0.8106482199807223)
(0.21077704603397923,0.786604164718284)
(0.19850396245603028,0.7963192374058479)
(0.18668893442848833,0.8084584526286748)
(0.18991744526642207,0.8039847946735199)
(0.20127897929043756,0.7980575398318821)
(0.19626870457206572,0.805377222365787)
(0.16137856536814416,0.8249790590928161)
(0.21172362306605044,0.7779109901565906)
(0.2015864152621829,0.7924356064100481)
(0.1931229880316505,0.8097891080810153)
(0.18619015122154803,0.8080362511054436)
(0.1937486094641781,0.8088197058490714)
(0.20319146444677552,0.8025571177886769)
(0.1594005890554594,0.8225573775101729)
(0.19864808194966022,0.7917336168499745)
(0.21646192891442415,0.7902952259272304)
(0.20330193457822066,0.7987721291883988)
(0.20256528208122856,0.7928506098557528)
(0.19446180838395988,0.8035144590488783)
(0.17950628894612905,0.8039632864867564)
(0.19549468437707065,0.7965374308268948)
(0.21383178726149557,0.7857094455515747)
(0.18605706250303788,0.790282796853666)
(0.22426498680128795,0.7794826040250611)
(0.19457528020808054,0.7981133083867852)
(0.19068601417078063,0.810551449735997)
(0.18413197127351716,0.8187310580724197)
(0.18555743091936128,0.8052153203746963)
(0.19110504867917422,0.8024988229115765)
(0.18090731571939647,0.8179150540932375)
(0.20558136424499787,0.7992155222637086)
(0.19105087821305117,0.789751920840023)
(0.22810357181979368,0.7857778451389655)
(0.19289386566869746,0.8019507509586753)
(0.18774290723525802,0.7910217078814996)
(0.20535379736846956,0.7924638117662394)
(0.1783158618388997,0.8181478297566018)
(0.19149065853089353,0.8113202168746576)
(0.17342367172355388,0.7989754926161521)
(0.21738581268545362,0.7882826419630123)
(0.1878057070181037,0.8139105637405742)
(0.20640864956272806,0.8056561526627007)
(0.227661322697214,0.8009338801180329)
(0.20022565151905708,0.8038050307558647)
(0.17852655269587647,0.8068415520019703)
(0.20003001705132079,0.7916625489686271)
(0.2464118703736342,0.7726577839347555)
(0.17964338268792512,0.8007409489604356)
(0.19304549489481068,0.7980333990894818)
(0.20056286580779986,0.800346413910228)
(0.1903700701095921,0.8068094473465736)
(0.20957695262352652,0.7909737538701431)
(0.17935780259690093,0.8103693935920334)
(0.17883195368023017,0.8184212169496078)
(0.1714662526140537,0.8163734116905984)
(0.19602676365259206,0.8042257821619602)
(0.22359674556873071,0.793190848543537)
(0.1881485863377908,0.8183584776560713)
(0.18989378293253492,0.8101324569912086)
(0.2221624971766625,0.77995984345013)
(0.21768971929578348,0.7942067841605396)
(0.1598416248837895,0.8237652328506769)
(0.20877937754778159,0.7966567101619731)
(0.19952248647371718,0.798709071276674)
(0.20351494998376798,0.7886646905034297)
(0.2145869126427801,0.7908293501405415)
(0.23364133286097516,0.7835068122934279)
(0.18869730997730566,0.7975038405894214)
(0.20102058461859787,0.809797281650446)
(0.1839654698667422,0.808210419066439)
(0.19723411955538264,0.8061270345415628)
(0.2086927532208618,0.7953053934713121)
