(0.22527394874941978,0.7680288105999998)
(0.23398803692799205,0.7648971477282727)
(0.18362057918312255,0.8105765228987865)
(0.22561605087363362,0.796071593247968)
(0.22455082136276994,0.7932428995436508)
(0.20640456934077206,0.8081947378926192)
(0.20179134202090018,0.7963346836385742)
(0.25000825644289815,0.7473741969924568)
(0.2030947972120044,0.8054028915685347)
(0.22336856142810552,0.788627798351594)
(0.16993548271904593,0.8283148954777166)
(0.18325613403826943,0.80988446710193)
(0.17471349479795034,0.8144743924842737)
(0.19202453591928806,0.8183455934056734)
(0.1763822107383023,0.8107535450076382)
(0.20915892015129803,0.7944951324716016)
(0.1799396682866491,0.8086642398699914)
(0.21203570586767642,0.7780259684637538)
(0.1730966341334657,0.8030447436265079)
(0.1988525709000811,0.8084437611877088)
(0.21249309468176847,0.7847498704048286)
(0.19292466997475105,0.8039083236893098)
(0.2292290105116112,0.786237832218057)
(0.15749193547584237,0.831177342847601)
(0.22737681480191382,0.7993586286965505)
(0.20899106920677762,0.7954785932196604)
(0.19635593104325189,0.8007014571892384)
(0.12939026795801267,0.8839475254597173)
(0.1352810099420571,0.8289642758790066)
(0.16201410920555775,0.8229096100136115)
(0.18140241870734872,0.7845396747496255)
(0.17267232732911586,0.811737732139226)
(0.1926305779702299,0.8072506993195129)
(0.1687990292409077,0.8204643161848499)
(0.21043486642868622,0.7841431974415048)
(0.21569725409487375,0.7872884399308466)
(0.1910589400955687,0.8084551886721174)
(0.1905165071002787,0.8220865247717941)
(0.22467692376449688,0.788244985813259)
(0.2224030527530503,0.7923128045624204)
(0.25065750259948194,0.7698847980531767)
(0.17780126121796627,0.8285431781030961)
(0.19952904829064688,0.8117148260002829)
(0.20793723426780256,0.7949205311491884)
(0.18620484046445696,0.8035448736884004)
(0.221928634076076,0.7741347621081376)
(0.1805507172680472,0.8002263116528429)
(0.18255510482179732,0.8185276143409941)
(0.18418889055669438,0.7918443689652926)
(0.22093709762971148,0.7978741812104068)
(0.2251961060496854,0.7827989085983195)
(0.18951015382142916,0.7982133112849658)
(0.20080961720170226,0.8121825845082539)
(0.21295140290501227,0.7854296221886763)
(0.24320548782053109,0.7609547315747339)
(0.1670517162599106,0.8278698055530777)
(0.17071466420740236,0.8301004842592425)
(0.23199952728872494,0.7881560415857994)
(0.19047965424568192,0.7944800962558519)
(0.19318138197067483,0.8003790214723641)
(0.20470455116126296,0.7794404422378133)
(0.14366327858983527,0.8435079698227159)
(0.20538487952765708,0.8130493627313031)
(0.17650559478854927,0.8322941274779353)
(0.20936355434961998,0.817590396936893)
(0.22348130874318203,0.7727089909349554)
(0.19791586078857432,0.7853443381384355)
(0.20312884248502167,0.7938872175263324)
(0.23221088014438518,0.7922634186075831)
(0.20922696313609895,0.7930334281644535)
(0.20315388575392904,0.7876824431540326)
(0.1798081116234196,0.8055081707276998)
(0.2590089489282232,0.7541582686090115)
(0.20508660299404585,0.7994136409126228)
(0.21866498011805974,0.7954393152284621)
(0.18967108359807006,0.8066931096966675)
(0.19415069792576947,0.8033786995530741)
(0.20995677920303388,0.7920619200885531)
(0.18685548227307433,0.8126532827422783)
(0.21349107459501843,0.7910796861877653)
(0.15864384180319951,0.8295038889316211)
(0.22865197001979776,0.7826511233610729)
(0.1931330592760026,0.7999615982283061)
(0.1843904161293906,0.8032270372186955)
(0.1800014261695842,0.8310169722628213)
(0.1688978465899205,0.8269859651308689)
(0.2232298528770058,0.7811444110169904)
(0.21135774575440455,0.787860386173828)
(0.2641776879478579,0.748124670058675)
(0.1968967842385377,0.7862040943024251)
(0.19125264321559654,0.812777110491975)
(0.2259173631734349,0.7744103324926797)
(0.1970580922838395,0.7777930100450393)
(0.24393765817162025,0.7663951437116608)
(0.21009847182454275,0.7909074150215492)
(0.18543698054236954,0.8069072949083342)
(0.17642181107159854,0.8171916282701741)
(0.25771796501733946,0.7766074194694464)
(0.22535822807919345,0.775592452445051)
(0.21659403683592193,0.7893735465017878)
(0.22890685361790283,0.7814244309360041)
(0.15915339437321543,0.8358513699272013)
(0.17544313364779587,0.8347706812740555)
(0.23157445643085559,0.7796223725298154)
(0.1625474264033004,0.7911723057142817)
(0.1910245613196732,0.8058869967202447)
(0.15757305878904013,0.8194058144536138)
(0.19549603079182495,0.7952659460006362)
(0.17717701648193648,0.8180070613589703)
(0.21847441099866566,0.7973741743893984)
(0.1609832324558688,0.8193964776591901)
(0.16000078663224634,0.8239858496953844)
(0.21750771706931707,0.807199583558978)
(0.23253494486380855,0.7747047105641434)
(0.26650507480781827,0.7455426208892258)
(0.20037092114583518,0.8046996724460382)
(0.23800311758332884,0.7668547549496578)
(0.18447844151624157,0.7979459840350858)
(0.19276488506154235,0.7985064753474526)
(0.1963771339552518,0.7750912913741431)
(0.19611438861643368,0.8080292464509478)
(0.16463294586311508,0.823873709511499)
(0.19319203564598258,0.805028136252013)
(0.2188013567323762,0.8097019175814101)
(0.18170698949583747,0.8101757524135182)
(0.2505281511379748,0.7594328961494121)
(0.19483729772674618,0.798459441421336)
(0.23643685949964843,0.7594273982900827)
(0.20911813738112398,0.7904992297634426)
(0.18760203703108996,0.8311770274075446)
(0.187662516402914,0.8154052065877585)
(0.18341722094815271,0.8100961340878982)
(0.15729361442586848,0.8208348777095786)
(0.2530230434482334,0.7650269772769316)
(0.17857880206980736,0.82042910062883)
(0.19897803972158837,0.8009106264755282)
(0.2005252738133369,0.8185248098702447)
(0.22202579267032826,0.7764296659283672)
(0.22363574637072553,0.7872897741907949)
(0.20871700240186195,0.7746853553491988)
(0.2322946908275348,0.7750171130690117)
(0.21109070539595257,0.7725226929776546)
(0.181656270912802,0.8327540622630648)
(0.20226144123157955,0.8057683306937509)
(0.1769910614369549,0.8256562920625659)
(0.18232525915228817,0.8059550888427627)
(0.23579810082241318,0.7850080840937258)
(0.19006923786257232,0.7949700398401226)
(0.20431411144678105,0.821835240218811)
(0.21991562093997163,0.7949032152923733)
(0.20983306181147,0.7985446252849847)
(0.18489478790294436,0.8063594527170251)
(0.16931765695770157,0.8270163075778163)
(0.20223483116642527,0.8077279360471165)
(0.21190517122695818,0.7676729913037994)
(0.24394574522018364,0.7677041427360026)
(0.18248207978928366,0.7987893638550222)
(0.200896365770775,0.819767282975982)
(0.18488918789630251,0.8134053660378949)
(0.2218194262844036,0.7731057450515786)
(0.22074623279442626,0.773189114278515)
(0.1939846476400082,0.8013128149308261)
(0.1799323763020234,0.8129698661173134)
(0.2144189349164854,0.7682297922183292)
(0.19114346046166109,0.800887954957753)
(0.19417993578225118,0.808765586857563)
(0.1946397764492198,0.83018924160016)
(0.17488484548225658,0.8313492208333222)
(0.20308492044344553,0.8066726003731847)
(0.2004460432218615,0.7917514929650169)
(0.20784866746924333,0.8159388812651295)
(0.18300396318170498,0.8048149170971478)
(0.2120385583685525,0.7723130094993085)
(0.1909339816378436,0.8030100626885078)
(0.19514887409918255,0.7943572380383493)
(0.17120692856656744,0.8212047814101756)
(0.22291804260186354,0.7767335823621265)
(0.1869325431995135,0.8154751804470349)
(0.24116758699233815,0.773534046327821)
(0.18139992525057147,0.798655353345759)
(0.18224697285822147,0.8115940784677375)
(0.19256449523637012,0.7800026526439091)
(0.185359728267945,0.8284307665811154)
(0.2283130961723354,0.7653041075342852)
(0.2060641250247059,0.7993093887267185)
(0.24293062979581484,0.7678759370416874)
(0.19494094869760842,0.7892552632445428)
(0.19225205488474034,0.7874423046785899)
(0.22233039094735577,0.7973858981743331)
(0.20168173957557248,0.7911832060189444)
(0.15206317129512623,0.8305029372157465)
(0.15578329471273056,0.8198459950743319)
(0.22136296272086925,0.7756941332811695)
(0.17222981323147432,0.8290486521350642)
(0.19407449455676185,0.8136458466789318)
(0.21724439268411486,0.8067857586972385)
(0.25768905482810145,0.7653099946390273)
(0.1898214555018184,0.8097224517617708)
(0.2106937565216514,0.8118081124406714)
(0.1891916764732034,0.8089371858276744)
(0.19853451335404032,0.8030396789169385)
(0.17789423954518774,0.8144031837873726)
(0.23609969214030163,0.7657697929758016)
(0.18474254482924998,0.8322427877338907)
(0.2339801713711142,0.778480496708338)
(0.20882017343505083,0.7921632496966947)
(0.1647320218316186,0.8336204572030915)
(0.16522524416389348,0.8409923331682432)
(0.2136759438575234,0.7963275515336338)
(0.20400066618589774,0.7897924214537531)
(0.23913677273343142,0.767357011164016)
(0.19966349841768782,0.7851893548743357)
(0.17235772715954556,0.8328594172800322)
(0.19143871344600208,0.8198218641962773)
(0.22339273842817203,0.8038531655806633)
(0.17165542959933563,0.8159737851613184)
(0.20961853440164785,0.8041740295881176)
(0.23620510202067332,0.7735144195604704)
(0.2001813819278163,0.789599928677908)
(0.17170360035333523,0.8168257441412833)
(0.15224982347872723,0.8489183646289469)
(0.22534204778088376,0.7864617400595413)
(0.158059262309142,0.8400432732370348)
(0.23605222898183517,0.7864319469199468)
(0.1656538225016372,0.8148254332856544)
(0.19949591132806963,0.8094299678591319)
(0.20184407588640438,0.7893835851285979)
(0.2778872240826928,0.7449014885031503)
(0.2364104635907559,0.7750527594860601)
(0.19568114829403177,0.8144750527973194)
(0.22699239538389154,0.7691228923394804)
(0.20276156196665168,0.8030539506794094)
(0.1686295178123667,0.8179337925942325)
(0.13391242457168276,0.8247914625030669)
(0.2096103148674387,0.7823530458385662)
(0.22405575862983815,0.798155442075963)
(0.19502803701777394,0.8012598450215769)
(0.2278565348516797,0.7911724094885283)
(0.16413185841701788,0.8206821654513514)
(0.21976901683575248,0.7751243318228931)
(0.19038749555877882,0.8111219524111835)
(0.21906125682528996,0.7879762048010963)
(0.17237957148145705,0.8429971173678701)
(0.18475634686445436,0.8072996628996765)
(0.1647428219216902,0.8276657059055899)
(0.14161240533174874,0.8313348183380581)
(0.18236886422172188,0.808898464113959)
(0.21406344237394365,0.8100358121701603)
(0.1736780592990476,0.8186835199094741)
(0.22059192244679793,0.789862704643589)
(0.19829270815857553,0.8105633202606449)
(0.21155614146668758,0.7953302409882222)
(0.17108105843807397,0.8013115961260243)
(0.18393282134026986,0.8075811478826587)
(0.24823801039013568,0.7731631849103212)
(0.220486775025672,0.7772933735958917)
(0.23447969048216694,0.760009020462272)
(0.18555714243075574,0.8220303890382856)
(0.23866435552859838,0.7501833354021845)
(0.16226930823148364,0.8120670677346549)
(0.2430615374587092,0.7777889001456915)
(0.15745601733907616,0.8058568328610743)
(0.1745061520786979,0.8081060223840406)
(0.2291918845253123,0.7926246198364902)
(0.18102959293190699,0.8047613886900478)
(0.15014941228503526,0.8395617079731618)
(0.23741283464411844,0.7721505781173261)
(0.23721704842533564,0.7664412743262238)
(0.1569845710290599,0.8266636818687869)
(0.17625594255652582,0.8285333211367145)
(0.18500003021677378,0.8137235626973098)
(0.1984646043269383,0.7997068438827589)
(0.18499181521850147,0.8045179696492882)
(0.20229641976665522,0.7933869701120712)
(0.19277211463978391,0.7946314718199006)
(0.22535310671960346,0.7932781529557947)
(0.24205746742173495,0.7842873450634992)
(0.15710122015059547,0.8294050419737908)
(0.1824522462978036,0.8153272193738852)
(0.1976812846460572,0.8124668547619984)
(0.21715702769814338,0.7922503287055391)
(0.21261005463881902,0.78182476228709)
(0.18763194371938363,0.8061155710471257)
(0.17853117664887058,0.8010548051034193)
(0.23087964717032508,0.7791115266450245)
(0.2035718971395982,0.7841323837387674)
(0.19196897984278247,0.7930295681330742)
(0.2511514707599729,0.75538159707053)
(0.22011765351761717,0.804246572435258)
(0.19234725440868997,0.8056675174700744)
(0.1980851485543523,0.7936868924860537)
(0.20520316139547778,0.8110716392880137)
(0.24715874713019795,0.79233368058953)
(0.1861398782688154,0.8165654678021264)
(0.254338448683212,0.7771751249795215)
(0.2253072729005803,0.765969924002256)
(0.2090755727528395,0.8129656619881334)
(0.20889204893348426,0.7965447755521188)
(0.15895816756433112,0.8272096091425611)
(0.1709089202272454,0.8145293212654092)
