(0.20709857864387612,0.7971624803627918)
(0.2008347196023516,0.793429458620698)
(0.18010474608455215,0.8053041036504852)
(0.19697189760853998,0.8042926999842855)
(0.22114814267888747,0.7857376111649552)
(0.1924948233237535,0.7987050155002638)
(0.1903248442393311,0.8120556360993822)
(0.1997648860444864,0.8079435398744372)
(0.20207634240365796,0.794310544128639)
(0.20475880640577288,0.8012531708568117)
(0.18874769964634366,0.8058209127093494)
(0.19607209695336572,0.798604147798645)
(0.2024269480263892,0.801853529908808)
(0.2004910547831334,0.794358713065501)
(0.20183019138429456,0.8001358530174676)
(0.21197036563388091,0.7926806880632871)
(0.1987478493752269,0.8000802343363341)
(0.19318490987216083,0.806077929373509)
(0.19350844223153651,0.7969622300052905)
(0.2081925100430241,0.7991537698800287)
(0.20079998603351726,0.8070235299477378)
(0.18831735889837378,0.8101549122948546)
(0.19607846733062326,0.7981189674121233)
(0.2007438590971481,0.8040661536281476)
(0.21753025193705924,0.7919078244165336)
(0.19601806481589854,0.8041349675854491)
(0.20286205438489135,0.7964378784432694)
(0.19623621543878075,0.8054283377736229)
(0.1806205951671269,0.8121977130727055)
(0.20992856102199234,0.7978702495760883)
(0.19180616805015355,0.8129224373828285)
(0.21185295904417678,0.7877034793351977)
(0.21068466294052146,0.7992897851056707)
(0.20599507995039126,0.7987393292587268)
(0.18614525931318862,0.8053776596182955)
(0.19170143045348315,0.8089844431320264)
(0.20547189940403035,0.7943328604936164)
(0.19785651672125676,0.7966326078429736)
(0.1786580142396437,0.8020768662034912)
(0.19904867286833705,0.8014176022847431)
(0.19302633258783713,0.8043128166964945)
(0.2205242092370049,0.7890733884413508)
(0.2183150898257308,0.7902744558729028)
(0.19515917868278823,0.8017440349414339)
(0.20134215213592116,0.8049878705387615)
(0.20658180036402315,0.8019758951784094)
(0.1950170219785642,0.8009501050261298)
(0.19955840682964385,0.8036104505112032)
(0.21960976451819905,0.7885597915504581)
(0.2123212378819509,0.8048181937391757)
(0.1857458294999928,0.8080293578418217)
(0.20764221415296968,0.789595649967655)
(0.2100310211279404,0.7920862585095269)
(0.21534538188492236,0.790237413735894)
(0.2052363201053322,0.7909291208605441)
(0.19719985041025775,0.8063784440784039)
(0.2011860063258011,0.8046355680135102)
(0.189928733493459,0.8062043323886535)
(0.20197486418102348,0.7942753033029438)
(0.19845759521568052,0.8059456596165941)
(0.22103513277546422,0.7868780780638541)
(0.19538364171580214,0.8031276235956898)
(0.1950833877806997,0.8006510410678747)
(0.21399302284345112,0.8056209000455886)
(0.19171331684093376,0.800534380376971)
(0.19931013349119822,0.7932332691458924)
(0.216308757147218,0.7837479398610071)
(0.18653203349799746,0.8127965232129275)
(0.21195496935148259,0.8096322114816391)
(0.20374981330303413,0.8029971731773631)
(0.18347835597324938,0.8050776737183897)
(0.1877437270054678,0.7951391561069663)
(0.19669543341039097,0.803689565095396)
(0.16376282801956502,0.8265951148463246)
(0.18408846217361108,0.808265911803988)
(0.19918794539641654,0.8013623612491475)
(0.20197634890759006,0.8049678451568614)
(0.2156610028811651,0.7822822455555821)
(0.1890251413905329,0.8074898798116227)
(0.21346716333587376,0.7837556022301104)
(0.22081154828595198,0.784518085659223)
(0.21890660255899566,0.7885720105479739)
(0.22100589723612948,0.7981548648113702)
(0.191246441349259,0.8003604837445016)
(0.1997279983602148,0.8103529317534817)
(0.19768983076704003,0.8016264968158032)
(0.22338593912865343,0.7891193919806012)
(0.20719887948570026,0.8092930536464571)
(0.20725627276789518,0.7919698110780836)
(0.2028659048278892,0.7951261014102773)
(0.18754821161389992,0.8119236262898524)
(0.1883486363927501,0.8074275334990919)
(0.20295254419434852,0.8002622026174855)
(0.21121183690288253,0.7952888115811322)
(0.19886169095866277,0.7944003586887288)
(0.2199993933877629,0.7972706416095575)
(0.20484723757880086,0.8028848383157223)
(0.18093140044457226,0.8173690955666187)
(0.20127566429522212,0.7981364142877502)
(0.20942489898204475,0.7970952760531402)
(0.21443267123277088,0.7879220880334286)
(0.19396661895106077,0.8019761818064759)
(0.19162457198318056,0.7948296350856162)
(0.18610402800171438,0.8133991004468355)
(0.1866859408767763,0.8149576615053051)
(0.1999661127652296,0.79386316182021)
(0.20736327464257123,0.7986607111582364)
(0.20817070038419544,0.7874855274303519)
(0.19929643412028916,0.804270188362084)
(0.19089195644980606,0.8017085812404073)
(0.20143287202822172,0.8025131637573587)
(0.2071774099714406,0.8020252543351979)
(0.19100772642936903,0.8058748222393488)
(0.19107864868369778,0.7978031386592267)
(0.1850396780004722,0.8017099222174605)
(0.1935123503849935,0.8032036288703833)
(0.19578022464755865,0.7980837577297236)
(0.20056198331421488,0.7916466943858974)
(0.18056483004348375,0.8078514434579253)
(0.1833014360568334,0.8190639824079252)
(0.20341685124838646,0.796175813673351)
(0.21238869910568012,0.7942272138123954)
(0.1870187345192959,0.8122747564708207)
(0.18787940939553424,0.7964353184601657)
(0.20112537281885212,0.7930617155947298)
(0.20509589645426216,0.8018660455615798)
(0.19287586615515537,0.8070010403985907)
(0.20385237241301904,0.800284156719124)
(0.19658486173332054,0.812080749160535)
(0.2058058252700948,0.7942856805343919)
(0.2023332430720553,0.8042594368509453)
(0.19405243483520107,0.7996431448486789)
(0.187566795875117,0.8050226626824457)
(0.19874194733943681,0.8085137643773118)
(0.2201265659097746,0.7808136734553587)
(0.20541985142924016,0.7878537608851104)
(0.19757285163258198,0.7956454613762282)
(0.19544086897853305,0.8072928581609571)
(0.22109679881353841,0.7909279202469665)
(0.217373978722662,0.7970702833386977)
(0.20185048163444744,0.7966843505015303)
(0.18633209676953266,0.7989339973363898)
(0.19848325869241948,0.7952770688279269)
(0.21441288967602135,0.7904080311157902)
(0.21078765613677197,0.7983061185388444)
(0.19840924790643893,0.7997801001093189)
(0.19612509552454602,0.8078527576849222)
(0.20835622197906753,0.7997194126925029)
(0.19073307374806164,0.8087637125201294)
(0.1825998145541145,0.8196469674915002)
(0.20159173250097046,0.8012196773022919)
(0.2022143529657533,0.8063336531971735)
(0.19586363960708456,0.7971253829647561)
(0.20333317869104983,0.7903134358632055)
(0.17283797395563527,0.8149042876038353)
(0.19631860914092034,0.8061208013692288)
(0.18928954066409898,0.8101044437540429)
(0.19108810354562522,0.8047105786573935)
(0.19713219067734447,0.7890195134201019)
(0.19154053658837522,0.8110508028159716)
(0.21274575762813835,0.7867894502352631)
(0.21229578157299406,0.7902652410318888)
(0.2072750190800411,0.7903068021914701)
(0.222017612965677,0.7936576958428905)
(0.16488440380173708,0.8249610786025359)
(0.19406321494493223,0.7994293335707402)
(0.21931085078287363,0.7952011675211428)
(0.190034184840299,0.8065684494709427)
(0.2039600664193357,0.7946464347962349)
(0.22228723544109605,0.7845731530336764)
(0.21030116926868192,0.790593488788288)
(0.2142167069079351,0.8057577962763093)
(0.20642857577352244,0.806076162889328)
(0.20010369638839426,0.7998406492488948)
(0.20002880122969396,0.8086869297496277)
(0.19396074100032837,0.7938639929734012)
(0.19194543144928422,0.8045857860837748)
(0.19531817914721353,0.8035808840086418)
(0.19502244023517912,0.8016307698537094)
(0.18262535478468345,0.8074072610276755)
(0.22896204554710559,0.7948145674279454)
(0.2069762477551937,0.8112060909991631)
(0.1793375822874265,0.8122348079857413)
(0.1987091693997881,0.8054334433810995)
(0.2129711997879798,0.7906801137742049)
(0.18782438480245334,0.8139919612401711)
(0.20003100825133877,0.8062315399813754)
(0.2003247387731284,0.7953618819428669)
(0.1981695400473974,0.7988872853181032)
(0.21929561637975073,0.7918492619114937)
(0.19846925492265532,0.802969346581222)
(0.21358354072979968,0.7949919885245195)
(0.18381121257389563,0.8131280749486821)
(0.2128075198991695,0.7888511245332802)
(0.20272285689225558,0.8046377441028427)
(0.20766492161716207,0.7852800849692817)
(0.18263307233045284,0.8059596905943165)
(0.1997667699928759,0.7977413145097895)
(0.2108236219265792,0.8007588340960651)
(0.19552087390540213,0.8203969953136259)
(0.2009391903303641,0.798092564550064)
(0.20487628878295508,0.8000307238321958)
(0.1961325267225989,0.7912562341933731)
(0.19079397346647936,0.8131386498915031)
(0.19912912643789082,0.8027860678456142)
(0.19444582877109992,0.7989907840304046)
(0.17475928705765742,0.8091897160034535)
(0.19075053890335944,0.7917464627835514)
(0.22335338877988276,0.7875603359442119)
(0.2089229366417805,0.786451861016271)
(0.18553381200160027,0.8090796979864697)
(0.20808680369817856,0.7972966696187986)
(0.1963346202734006,0.8036242866222985)
(0.19704625347709492,0.8037172664043187)
(0.217387524368121,0.7849727567587897)
(0.2087241309760687,0.8006548720058303)
(0.21076600292124104,0.791573169987717)
(0.2178930073548919,0.7770226594721255)
(0.1952911119730712,0.8031905080333667)
(0.19983658745895147,0.7959071301346451)
(0.19751756265193882,0.801618248496048)
(0.1962720276649266,0.797477722721257)
(0.2022046721629759,0.7903576423755472)
(0.1996725696718747,0.7956459871706731)
(0.20246001390488597,0.8031163454358873)
(0.20738604638397484,0.7839614804404372)
(0.17967833257527627,0.8111387740867975)
(0.19343446383392865,0.7982011143741926)
(0.22135927041068865,0.7852561390232807)
(0.19729239091786369,0.8083142733516402)
(0.18698962320594964,0.8072389294349881)
(0.18916920744741025,0.809762223820941)
(0.20575857833997996,0.800591159208388)
(0.20756355648962782,0.7939741724960018)
(0.20291523386053406,0.789793299902297)
(0.19552957468623836,0.8035512966376971)
(0.19873338682634578,0.7921647750286265)
(0.2048564989512248,0.797889540388068)
(0.19141155041396413,0.8049854744919709)
(0.19484533590587305,0.7981209284735331)
(0.19436335102626492,0.8006302983582428)
(0.20243900897460454,0.7992463148462287)
(0.1912453497023773,0.7972687616249157)
(0.2066600193326102,0.7923851619940953)
(0.19986447691507805,0.7993889783958747)
(0.19347715866264803,0.8117760196829907)
(0.20398080850053754,0.7917923993829405)
(0.19497392729493143,0.8062735362809075)
(0.20459319106440366,0.7990476341999998)
(0.20442047255854523,0.7935437532735606)
(0.20721050235774913,0.7912950856754712)
(0.20507355529135546,0.7955957884084509)
(0.20001563252783103,0.7868417042174954)
(0.19471763650721127,0.8140942541546554)
(0.1949877797494531,0.8110046538477731)
(0.19794741541366553,0.7984494004155597)
(0.20339786830021483,0.7985130136681581)
(0.19172605524739877,0.797237435434012)
(0.19205867058148024,0.8104177447893068)
(0.18822256638420604,0.8043628494308086)
(0.19995699072018866,0.7984771705685187)
(0.2130871755321582,0.7991576161742326)
(0.185921925956263,0.8061066888362024)
(0.2175767679183266,0.7879635515020995)
(0.19445037267721985,0.8038252130879916)
(0.21209893258148715,0.7957037861119634)
(0.1980136698986776,0.8018922778014724)
(0.1939681336544864,0.8018705259656601)
(0.19216169578753625,0.8084186267681862)
(0.1980247536599003,0.7935266116063759)
(0.20390960815058573,0.8000627900864926)
(0.19826014768512346,0.7990141890038538)
(0.2153179641624012,0.7943573108086832)
(0.20195327548407457,0.7977166190107787)
(0.19339178226285295,0.7916850962416762)
(0.20533246610669711,0.7944899844556014)
(0.1879364597657071,0.8038316660773129)
(0.2133576909763013,0.7853404800235527)
(0.19469540020105403,0.8007456801913071)
(0.18903175747628553,0.8107303701723236)
(0.19683016837970438,0.8042727701400108)
(0.23079169903620061,0.7756154458973756)
(0.18971653406968667,0.8082234971094149)
(0.20889334651258679,0.7907321582458635)
(0.21765848352158843,0.7827925963423169)
(0.2013920710590865,0.8031411591439884)
(0.19526161555942395,0.8039289507796585)
(0.19471220033213918,0.7892290372639603)
(0.19115656430708663,0.8081813447086081)
(0.1855472593267904,0.8179622775199026)
(0.19920154968827836,0.8038462668814512)
(0.20050149714617518,0.7965186802479096)
(0.19397479633311485,0.8060460480210594)
(0.21669142239375752,0.7978335004155089)
(0.20286901909352412,0.8007379297289248)
(0.19874641375841492,0.7996267156438097)
(0.20177536810381871,0.797742313633086)
(0.19474765084806256,0.8018931605838838)
(0.19080297528647902,0.8091946586875556)
(0.19390037598926999,0.8118620484016402)
