(0.15935610295178776,0.8629522888026002)
(0.19473160152372146,0.773365011747079)
(0.12044897851115842,0.8476847005009196)
(0.24611835860128778,0.7926344485238476)
(0.222903753154836,0.7949207486276896)
(0.24025983224000977,0.8098579052511702)
(0.20784519036976803,0.7937885056211894)
(0.1768139823730542,0.7983231350120917)
(0.15315541271655395,0.8324599458965758)
(0.19101698849613782,0.7840220222136931)
(0.19904981801499236,0.7765548851758248)
(0.19235345396282494,0.788885546338049)
(0.24659462442892743,0.7757889638233758)
(0.17398171725565179,0.8566336771920163)
(0.16311223217964996,0.7920082400219165)
(0.15729250441241185,0.8467868643683221)
(0.24887068053630843,0.7581441608232674)
(0.10071980408665035,0.9120594169730817)
(0.19125013832188723,0.834721322499525)
(0.13904489701834596,0.8343637398453913)
(0.28593142360695634,0.7079644192922062)
(0.15322389918369564,0.8425282403783446)
(0.15051874427277018,0.8489239535541337)
(0.17849211424115033,0.8149089644169851)
(0.2043211334014043,0.7854458571609217)
(0.26832972417243334,0.7626405135022332)
(0.2558632179827823,0.7356161145756961)
(0.23547888717579582,0.7590948028879492)
(0.17024179806851422,0.8312982378778779)
(0.20045716907298583,0.7680212047181852)
(0.17063544482480553,0.7980262866548125)
(0.2577616945318594,0.7381935166985236)
(0.23173278320871138,0.7650269465564726)
(0.1540020882184848,0.8447529439392152)
(0.23032334788476505,0.7914386226829848)
(0.1730686627806484,0.8222224668932728)
(0.23582494900850628,0.8091406707166579)
(0.18913783757741207,0.8027792061305874)
(0.20458912368223506,0.7673361682773476)
(0.132638013056062,0.8665918436088508)
(0.23672309171802325,0.7674622967634488)
(0.13046228901182472,0.8719865060633859)
(0.18895087390962986,0.843569582347218)
(0.222900548102102,0.7705830207886195)
(0.2084576991782581,0.8076034382911298)
(0.15989200860092848,0.8198322475765475)
(0.15650089366767644,0.8381348847390608)
(0.24921461463717215,0.750161915508867)
(0.17441237691494266,0.8437316999539209)
(0.2139613070391193,0.7859750929706651)
(0.26565227790043283,0.7397073160257338)
(0.2473778695649529,0.7574025564361231)
(0.22669169382888224,0.7637825952537337)
(0.20403019277590909,0.8031361861853236)
(0.23785500138491583,0.781765287832763)
(0.22035621263282684,0.7933519347868689)
(0.1897036767955588,0.7997939313666897)
(0.17534578427209888,0.817510153768435)
(0.176043414986275,0.8264774264873032)
(0.23428836390590346,0.7766863544691889)
(0.2035099231204672,0.7903317683926593)
(0.2582812541895819,0.7420594781847406)
(0.24537430605699076,0.7527590804767103)
(0.18806473038313337,0.8055041381082935)
(0.2301942842120561,0.7740856317506404)
(0.16191450467158935,0.8245275538691863)
(0.2668027488722686,0.7823004098155175)
(0.2878249163674774,0.7356933118028134)
(0.1743796925948614,0.8181298935181706)
(0.16048381698333697,0.8461989517841525)
(0.20371042001410514,0.766966009864855)
(0.15574738110933256,0.8173082743069274)
(0.19322627913653967,0.8193599233973141)
(0.20335989080501993,0.8009876368993101)
(0.2419736146746435,0.7585406739993459)
(0.19689293520380458,0.8032351933136047)
(0.17578834200831733,0.8193213698907986)
(0.1552247318198787,0.8206646694418103)
(0.17751165049107345,0.851857810939623)
(0.20928231367651814,0.8272173134157834)
(0.2702727020484814,0.7296567952530515)
(0.17336957245868242,0.8275669175400495)
(0.21877023926454084,0.8070193460890295)
(0.18245318696055265,0.7842903609987946)
(0.19745072524439453,0.7831628533017464)
(0.1850282849658084,0.7802295369926003)
(0.2426780073860534,0.7473735443537669)
(0.25740073653407036,0.7324412933597553)
(0.20633133053401423,0.8147280763814734)
(0.21309901760906413,0.7837432105491925)
(0.16975589298240543,0.811966470457237)
(0.15228678166386667,0.8610093595689186)
(0.2524888701663093,0.7819921665168569)
(0.1630877603461533,0.820414761084775)
(0.14707141021433717,0.8546140972226504)
(0.15152287323453362,0.8198111412331552)
(0.2673598422556015,0.7672762726887881)
(0.2805116812173691,0.7219743698299139)
(0.14252248835959397,0.84746538044011)
(0.2502082660314244,0.7705476344290004)
(0.1494803662012271,0.8366060980024908)
(0.25638167271903123,0.7825460511350455)
(0.22572042212699334,0.7647992760705131)
(0.21290065096804028,0.7988166224584624)
(0.16366963156201084,0.8527650714165859)
(0.20896703348280224,0.7887302508517833)
(0.1924534369820214,0.8305682440320048)
(0.1335464134282851,0.8318280275714096)
(0.14771407550473148,0.8218302585760126)
(0.14956492922867018,0.8403906941896712)
(0.20389298314128335,0.7961976679072201)
(0.18105124287287788,0.8134622575540845)
(0.17797819802497733,0.7874762850828901)
(0.24990521798376944,0.7496323946085797)
(0.21291271675733997,0.7641348415053212)
(0.20036842607563937,0.7742747448628011)
(0.20708323327000316,0.7935895919170957)
(0.17095246465490524,0.8226698651113222)
(0.21263394213662917,0.8079556205080175)
(0.2683145432351652,0.7564159920149357)
(0.22693487656076722,0.7668033850681216)
(0.2342802035040777,0.7365547440389557)
(0.1787746472122486,0.8255453208166974)
(0.28768297938078385,0.7370674866396464)
(0.17798557367764245,0.7909449519345256)
(0.13085904651227973,0.863949328625912)
(0.2546026417330994,0.7412663800293908)
(0.2408087473049415,0.7858978551618769)
(0.23342467211722479,0.787179362093096)
(0.14924256905189806,0.8237698481965814)
(0.18628849060238956,0.8176774209290368)
(0.20110223607282451,0.8192990959130089)
(0.13763889497689444,0.8633006499519917)
(0.24986088160456896,0.7772660679878703)
(0.23246707960699173,0.763476347358639)
(0.22734790173362668,0.7738145870386552)
(0.2562258656515894,0.7608302396279758)
(0.2430495047621789,0.7689589023050133)
(0.28349322590625053,0.72994384349782)
(0.20984893850682151,0.7879696343286797)
(0.16014978893943557,0.8280165755625883)
(0.1979318722067481,0.812441615320488)
(0.21301557794761797,0.7810901999080216)
(0.14081343525433748,0.8716380071123467)
(0.2330897669697901,0.7750230340929442)
(0.260426555133289,0.74773955336997)
(0.11190749240103148,0.8767867365373465)
(0.27410434343764895,0.7648973785996546)
(0.2144071289217728,0.775022641803109)
(0.2594488436418618,0.7741537834832056)
(0.2218857157779644,0.7932341955892114)
(0.12319386297091639,0.846719491869359)
(0.18825364499744404,0.8066542060435198)
(0.19555979537601947,0.7973313065116592)
(0.23157119533702727,0.7636687412068344)
(0.17326290472507477,0.8271701274264808)
(0.30632297034273887,0.6982303813607998)
(0.2336129266911324,0.7647650767387547)
(0.23274200636224238,0.7731163263820829)
(0.14548003000041668,0.8476549926809612)
(0.17177518504794068,0.8249615762543336)
(0.21044586145377298,0.8002391010350108)
(0.19188098656465616,0.7883125205444603)
(0.24722551468125967,0.7888676192305999)
(0.2567792512073035,0.7771256365620163)
(0.18818498248675028,0.802952578642533)
(0.27643124629022203,0.755761357112083)
(0.1271194803017063,0.8616010324710098)
(0.2111891992397422,0.7876417909007203)
(0.23153396898498232,0.7759098763081623)
(0.20939836597861328,0.7932087716551429)
(0.21574642182640835,0.8116880694150831)
(0.20404777241872296,0.79581522984692)
(0.19066326145693857,0.8069197886671186)
(0.2655023859399051,0.7608657481969412)
(0.17711129510803938,0.7987939385809046)
(0.2698532749347092,0.7226357323459396)
(0.2312027519933644,0.7526595086476182)
(0.19798443131127866,0.7757597869295209)
(0.23806622034803743,0.7830447144312079)
(0.2292507857177309,0.764140179478248)
(0.1436621951441708,0.8314893648863679)
(0.20254026389218613,0.8135193527919)
(0.22216012671431104,0.8073254544481092)
(0.20305081936661398,0.8179302801803144)
(0.2305777439745005,0.7803046280186898)
(0.1521245960435176,0.8415000979961168)
(0.11753477654370685,0.8625167129711896)
(0.21262256940215066,0.7746312833536355)
(0.23558089129729234,0.7944206181288757)
(0.2153114278988299,0.7876872427267414)
(0.21689403640072746,0.8000162071356891)
(0.09772833287064585,0.8714327660575746)
(0.182694834513067,0.7882197555123067)
(0.19168490325630655,0.7848782135886359)
(0.23439214899653513,0.7534794207193414)
(0.16782623333797292,0.8324553726138478)
(0.19296451945120427,0.8358369006709295)
(0.1884611366650038,0.8107548008130948)
(0.18533710751401497,0.8055615761693937)
(0.2196801663500287,0.8032100466047162)
(0.19751879971770042,0.7933307124783107)
(0.2302795817018112,0.7448502710835146)
(0.1589412990674514,0.8258823977693334)
(0.23941249086040986,0.782556577019139)
(0.16134810419940737,0.8416503826701354)
(0.1321089537793246,0.8697296773740507)
(0.2058345074952955,0.7781606571474028)
(0.15709064191563596,0.8111961420163328)
(0.1999848630735154,0.7888699380687387)
(0.18530358158335772,0.8172843519821597)
(0.1860663474457726,0.8270329229466062)
(0.14525133171037405,0.8263295824285884)
(0.13482548665552663,0.8780364683402893)
(0.1126299272033606,0.8679557755316003)
(0.21318628597978043,0.8011589340208626)
(0.24520963293506398,0.7349186884224549)
(0.1230836938602847,0.8859999920038176)
(0.248142170564738,0.769159460729166)
(0.17637965970483638,0.8221021778043843)
(0.1646794149529643,0.8187405017798542)
(0.16621908373994904,0.8165556115780689)
(0.21003797765057133,0.7917588016849277)
(0.26743600874077417,0.7179309199254291)
(0.2030097744625719,0.7765019023714909)
(0.2274609702235427,0.7948495619840396)
(0.18818062149262496,0.8094176110165943)
(0.2342976990372822,0.7560963315973127)
(0.19348405354870912,0.7765314252169604)
(0.17372411001811297,0.8604410151562413)
(0.21363895805417144,0.7521583818636306)
(0.2129631338633202,0.8006125158513446)
(0.14472006919184333,0.8332461284916708)
(0.25764766990033,0.7662150783049965)
(0.1971462730443601,0.8297116869822713)
(0.20543254487249196,0.7932570748947818)
(0.26029665895786597,0.7294246752805811)
(0.21114181189118542,0.8075631808904845)
(0.21566398072463044,0.8247497186542609)
(0.21644514737546505,0.7988393923084565)
(0.22034896385569588,0.7694619115817332)
(0.23282534868365862,0.773626404661915)
(0.19940979415785764,0.790657582368704)
(0.23927747412035968,0.7654401675216915)
(0.2428747860049257,0.7885958525864744)
(0.1922940874478985,0.8060802708132252)
(0.21882282198743447,0.7844273050243135)
(0.16415490422148798,0.8008941527573888)
(0.19841639647309625,0.8142990578257668)
(0.2305080322272816,0.7523788766823454)
(0.16722207912069673,0.8258931003634266)
(0.19166506848419604,0.773310220635382)
(0.1370367716835145,0.8344071463894968)
(0.24153938928338953,0.7617013408146333)
(0.19238690650879467,0.798387259873585)
(0.2403415493139567,0.7610036620345548)
(0.16498624924636837,0.7930059614045769)
(0.20927286098705064,0.8012099769870712)
(0.2490507511196675,0.7630654829067741)
(0.21803750524636462,0.7849685510883243)
(0.16171140808906623,0.8548710986632877)
(0.2216058490413086,0.7849821965268706)
(0.1756862949868511,0.8177888728622943)
(0.2189013096473776,0.7873687248248219)
(0.12781368027004425,0.8644191206624209)
(0.2932102262997947,0.7353436501338424)
(0.24514797931963736,0.7415793154923743)
(0.22514513639885733,0.7509708798492345)
(0.13366770726317911,0.844990684768535)
(0.23996266713813572,0.7624781144442502)
(0.17747696662923237,0.8162391527697564)
(0.17398548546999146,0.8152445897931243)
(0.23984753511225487,0.7460863725627992)
(0.21945946761357968,0.7934282324553106)
(0.1885976002197195,0.8099805702725099)
(0.1460277992880115,0.8544452526996594)
(0.225213748815273,0.7799733646953845)
(0.2382914875386784,0.7842704708720698)
(0.21316739915459626,0.7852637779904125)
(0.19814582085275473,0.780120973403896)
(0.2603333928137325,0.7350829024898027)
(0.14678671504536953,0.845509733315188)
(0.24145240995625922,0.7689762207595102)
(0.1960955422277432,0.8036290096166073)
(0.15435901823157652,0.8689657401754405)
(0.18036683883865903,0.8123215314204507)
(0.15369953475060774,0.8212222416539117)
(0.20751682968674826,0.7989050503352362)
(0.26704990125965805,0.7508118889617592)
(0.18673530507583178,0.7832484956631445)
(0.2039853135985222,0.8185136862303372)
(0.21926008148324153,0.7674208270977448)
(0.16520472636183675,0.8287042119557231)
(0.2635606361563073,0.7511885449430927)
(0.2620140242066967,0.789796295359387)
(0.12193556965671903,0.8800883215573255)
(0.17399314959468962,0.811044118530366)
(0.15867923860375469,0.8404013460104138)
(0.2414781117416466,0.7505360514234037)
(0.23007407555130696,0.7465642042468125)
