(0.19258979090830225,0.8184517307338619)
(0.2771069158557838,0.731630713493402)
(0.19523984337268335,0.7990574653947643)
(0.16654099416689785,0.8578463706973062)
(0.17574633009867113,0.800645184243968)
(0.2429651038822434,0.7554246039351317)
(0.20375534487428493,0.7926329737948774)
(0.07864719754913652,0.9052872287684596)
(0.286420229774879,0.7810791697678496)
(0.13411582286311083,0.8313782742547902)
(0.21777490682161652,0.7799686156736925)
(0.18294865641022734,0.8268427808472049)
(0.20626259014988657,0.7916942342097687)
(0.1275935886747461,0.8709813638498239)
(0.3472530451791538,0.7356626363168928)
(0.29462122376252264,0.7289356939683742)
(0.2405358069557533,0.7790387872582787)
(0.3031949649418609,0.7372550275756888)
(0.18563149057772318,0.842916353064462)
(0.16018415456885526,0.8382344533662881)
(0.15503334415520284,0.8106224479188129)
(0.1927475299602453,0.8198055764268569)
(0.12019792615364928,0.8637494319727304)
(0.3073869202572106,0.7053848583389765)
(0.23502228338360434,0.7846965752195253)
(0.23503661817125848,0.7794322775997681)
(0.22212922223124287,0.8058153599312746)
(0.13888293146918984,0.8343905846491271)
(0.21169075687494682,0.7390083773802377)
(0.14603312266985777,0.8123730987915572)
(0.146258430636094,0.8848392527693096)
(0.3818916362884084,0.6692951446379325)
(0.19245725394068042,0.8125137885740392)
(0.1314203344711713,0.8408335149023798)
(0.22034233097649722,0.7832883750786733)
(0.19838911007121274,0.8020178665580515)
(0.2231179591208628,0.7901863913484038)
(0.14815921535355125,0.8356271928999545)
(0.25188521951104303,0.773540468034824)
(0.2887886558638301,0.7426478207232884)
(0.23707183344121938,0.7869937603114143)
(0.2000691975203566,0.7697479815713096)
(0.17918240736403737,0.8266694162874413)
(0.18384870878795728,0.8303969415892436)
(0.3371042168962936,0.6906116896299607)
(0.18836139404438812,0.8229441449488463)
(0.21148216287407212,0.7877476537153658)
(0.20622629016136085,0.758929507672268)
(0.1597891242369519,0.8702746332444106)
(0.2505614389373166,0.7964810814128684)
(0.19588812741811837,0.7881860628387298)
(0.1594917463778197,0.8289094239956586)
(0.1586160555371107,0.8269791902500581)
(0.2520273713114102,0.7435653250957697)
(0.20525508016131871,0.7912692674195616)
(0.20742150137973597,0.751669230605825)
(0.22828908530549996,0.7877765908890672)
(0.14520439075923355,0.875332460323332)
(0.1484057732503884,0.8790375304903969)
(0.07273163485363923,0.9259623943203327)
(0.27179805452594413,0.7315949711385488)
(0.12231991071088034,0.8550109162319494)
(0.24180550490434338,0.784875798961635)
(0.19600485489678013,0.8325966247684924)
(0.16899945333558508,0.8166635205669048)
(0.16434143676947177,0.8222662305640609)
(0.22743513262506942,0.7684024277103337)
(0.28376918843710824,0.7405462334505083)
(0.33572357502031736,0.6944073987195168)
(0.21633787586976091,0.7810751711597518)
(0.19519286945408043,0.8139076053738472)
(0.23875851092454672,0.7512664423160275)
(0.18341339714388022,0.8297414249337941)
(0.17904571208614414,0.8489607739788614)
(0.17572438034452298,0.8184776905216242)
(0.14672214066973183,0.8568657755559005)
(0.16258999060682683,0.8527391130811115)
(0.24364443188394294,0.7635175144704464)
(0.19879388050780256,0.8465710455399662)
(0.19743346030737632,0.8079248446422288)
(0.22666802659682622,0.7294658410482417)
(0.20927277346112533,0.8445020128426503)
(0.3308640284842023,0.6938500176530219)
(0.2341393764990698,0.736382383530202)
(0.2198731574988279,0.7616347456783985)
(0.22387801219756606,0.7533047128007113)
(0.22858750481835394,0.7698007622133147)
(0.21819185346390046,0.7649808309592229)
(0.23225713412517468,0.7680933060812624)
(0.2033352030160831,0.8472270530038941)
(0.17595280500831953,0.8276762097319631)
(0.19067082267918042,0.8051551652502374)
(0.1084064795901941,0.9037945385997944)
(0.08851136400852005,0.9067783345531016)
(0.1219566564070184,0.8363853225957488)
(0.1289806639854376,0.8768996141825343)
(0.327713572685949,0.7227278343209064)
(0.27960354841539975,0.7196546570506195)
(0.22816548415695367,0.7947713682554759)
(0.06539853816896374,0.9500497779937025)
(0.16704452346858464,0.813866728005054)
(0.1411969853076868,0.8943859511785053)
(0.17921767733004285,0.8141064457006129)
(0.1918805460902738,0.7874631902602197)
(0.21710074482189598,0.8080614469775503)
(1e-09,0.9739679793807512)
(0.12548108574451783,0.8821565843474993)
(0.3028956661862793,0.6677026159769218)
(0.2572160927279581,0.7553329313982599)
(0.1654665045023907,0.8532301194484727)
(0.16565383929174607,0.8493527767222268)
(0.2267870639563536,0.7989253836885173)
(0.22182012550858668,0.7538824011281967)
(0.23571598440280245,0.785739125176993)
(0.08488491758404655,0.8800650319170356)
(0.23148409483105176,0.7682616613507944)
(0.14991832116212597,0.8439639863239732)
(0.23978594436804657,0.7341698722161695)
(0.1668768714706316,0.8218319830922659)
(0.19183597331306407,0.8060540578126202)
(0.2820634859548203,0.7305376367749432)
(0.22887426539573308,0.7623015390690218)
(0.18176991487548994,0.8383454440334429)
(0.2405360218799291,0.7647097699426468)
(0.31158036301968073,0.6791161940135727)
(0.17315238155650226,0.8081072419706385)
(0.1751408364996722,0.834380874922187)
(0.29942352355947593,0.721705680743357)
(0.2662685604139047,0.784490690035549)
(0.2792414086338461,0.7048295145518799)
(0.20491441744524322,0.8190263122275586)
(0.1163510606991528,0.8238736456216943)
(0.1846450056639439,0.8329526808456172)
(0.1816453335553594,0.8312656304256769)
(0.2316684157369337,0.774399141989596)
(0.06533191334639905,0.957565449921921)
(0.24916129286334432,0.7812755342734624)
(0.41066164625980667,0.6544799350332088)
(0.22483820156896378,0.8012412100548643)
(0.28021425998042276,0.7248096815578579)
(0.23348406912298278,0.7655901344534173)
(0.13752483770613616,0.8636512594317669)
(0.301149415148772,0.7325847386859391)
(0.16011507367033478,0.8511522867816014)
(0.22471653846541953,0.7664595104745988)
(0.23132333906239924,0.7716930448630569)
(0.21647576795273615,0.7792162604914789)
(0.27004382886610623,0.7504128776147302)
(0.20465299441415613,0.8262800772905936)
(0.23375618195355985,0.7767203031995192)
(0.24582941422693627,0.7417627430946051)
(0.1905435370624375,0.8114645929034939)
(0.17175373976983674,0.8242901903454964)
(0.23725915006901963,0.7805171772670663)
(0.1458484630018152,0.8184882923769055)
(0.10421917492423888,0.908220760999947)
(0.12510842663785054,0.8528904902028864)
(0.2650807187770861,0.744516659920913)
(0.20730046594403143,0.785243911232164)
(0.12479768084548719,0.8518575973312233)
(0.24957576164315387,0.726483344562373)
(0.3413741935112196,0.6920188307002622)
(0.23714897490493164,0.7711688312361568)
(0.2085513743733079,0.7932474168987176)
(0.23183842448395578,0.7672556184118069)
(0.2088434681628874,0.753262506755139)
(0.17954069625402277,0.8109628427091654)
(0.20628764279934803,0.7618439546634331)
(0.1872600124053012,0.7880630276223817)
(0.31054580704035906,0.7131406812737123)
(0.19738374639639325,0.7862617495041898)
(0.17115330619940725,0.8506249001795197)
(0.242373190048544,0.7453255239471974)
(0.17261443535697552,0.809906826715759)
(0.24306439671962682,0.739377559974501)
(0.13775964964657564,0.8582476783569566)
(0.22146955686831576,0.734932532375903)
(0.278823348252494,0.7594816905190672)
(0.20888238011379068,0.7724086733960082)
(0.19287288485074447,0.8009518615943324)
(0.20580895949894143,0.8108158598387174)
(0.26854664529528105,0.7301349963528327)
(0.22984585467444607,0.7708019766776337)
(0.11030868238054438,0.896550442953359)
(0.13772241558724604,0.894014753164548)
(0.26394050113753165,0.737937667963105)
(0.14603644843952898,0.8024145633898767)
(0.16691316168878656,0.8722823180401745)
(0.21292361388107084,0.7515615144386752)
(0.35497226545795063,0.657746712125253)
(0.2379005235351599,0.7533029447395818)
(0.2782731462768989,0.7608834702112571)
(0.0546786893416366,0.8951803634358598)
(0.32924222711695683,0.7107674441887005)
(0.23337260314096397,0.7937354190483562)
(0.22821425775652576,0.8167208836539663)
(0.2680537293277451,0.7237988131299044)
(0.21927777927684522,0.7955460807817804)
(0.2444680638505817,0.7905166604920228)
(0.18113772238798892,0.8327430490161873)
(0.33107707365889033,0.6572811221368183)
(0.30472394756847876,0.7208497115775199)
(0.20404303467290308,0.7821043656399398)
(0.2117490692988439,0.7926973326182509)
(0.272309270690297,0.7748993395479951)
(0.21309742635967083,0.8182451704201984)
(0.2007027560997488,0.8216899688499963)
(0.1843283911768334,0.8111245238105215)
(0.1620697874411299,0.8378372621362805)
(0.2152742131329741,0.8033790769102265)
(0.20140065689470302,0.7975642910266167)
(0.2583595967181778,0.7414714995757388)
(0.1601800188435172,0.8197184290004452)
(0.17212264564285865,0.8452524615235459)
(0.20537353092197194,0.8062011685408851)
(0.16864431145683986,0.8149381292765259)
(0.09035061340908676,0.8991243212090576)
(0.07471080929774108,0.8869240432910908)
(0.21794994614537258,0.7632571946079619)
(0.1396058460812726,0.8502793607083684)
(0.06530400477299914,0.957124277926887)
(0.19820279529709062,0.8125150285316756)
(0.2534010604412662,0.7301845753027337)
(0.23397046752039666,0.7490458387898277)
(0.22212477124198093,0.778416178245314)
(0.3751148004756504,0.6828244735464909)
(0.1949102868640835,0.7941079820440258)
(0.18590760442286386,0.8064808441246643)
(0.1624285395573813,0.8135630568810127)
(0.22829077385414967,0.7422174243521437)
(0.11303807573166705,0.8996831927869602)
(0.16220099527375004,0.8421746984491927)
(0.27968255226348465,0.7545085795811239)
(0.16889872782021226,0.8192478054206285)
(0.16161231276576224,0.8424342341475098)
(0.05738808778826051,0.9240069066604367)
(0.2839567180226756,0.7227383432421205)
(0.11220567315937091,0.8834909361097626)
(0.20600231603166996,0.7775643382600566)
(0.17071597739563799,0.818451061073218)
(0.2292581965436105,0.7394476217633912)
(0.15888850697375062,0.8050201321650753)
(0.3025793561340874,0.7339379046388778)
(0.2555246346346267,0.7751715581040969)
(0.122008603810018,0.8758143729487969)
(0.24663270378954594,0.7817948632006474)
(0.1725161946708316,0.8360321459205069)
(0.17741697028368575,0.8442815780075806)
(0.12888778692043737,0.867740365915973)
(0.3358112335735554,0.6961262039975021)
(0.13863562447871852,0.814987371499818)
(0.23056799842506245,0.8039494461470938)
(0.15286788931820988,0.8136913174273213)
(0.19491565072227796,0.8099220553592016)
(0.34783914435913466,0.687728534616723)
(0.12048600465129677,0.8404912107958704)
(0.15318757380013343,0.8354063357669855)
(0.173267228647354,0.8430286461833357)
(0.18796326644628394,0.8265423102515487)
(0.07777529741246596,0.9285768996888804)
(0.23030429941988506,0.74949317010609)
(0.32420348778640506,0.7161601736692226)
(0.22335845295778153,0.7696095297522443)
(0.21928628074325032,0.7576809614239877)
(0.17927045032312633,0.8141499191153656)
(0.23994101407712567,0.8062469611522926)
(0.25020349014492765,0.7912727814907307)
(0.2642087487014676,0.7543020536515355)
(0.2265768450122486,0.7633153401333748)
(0.3406457608476117,0.6543169043262348)
(0.157535880167393,0.8376730534577139)
(0.26276944420132947,0.7193922561720841)
(0.10865813566727926,0.889556896599278)
(0.2638671382721983,0.7052710895805644)
(0.1865766068503926,0.7933456130218309)
(0.1605375265448179,0.8342066344827171)
(0.17644999987819354,0.8184101018841794)
(0.21846434603720002,0.8091128648490201)
(0.14702765173473897,0.848678526570999)
(0.08402604115884389,0.8834225200254228)
(0.2826039855762429,0.7525852723864054)
(0.3167314624302476,0.6973709963126471)
(0.25774132206686917,0.7169852924762892)
(0.29790328501640173,0.6912002442729835)
(0.41742683225852206,0.6010801483409111)
(0.1563535899530426,0.8499828698800658)
(0.20825800634855976,0.8132791448435532)
(0.22968652141587734,0.7750108309736593)
(0.052597574986099085,0.9396270096360799)
(0.17093279721489066,0.847548769678712)
(0.15628789443666743,0.8259568526809395)
(0.1511375627094966,0.8378070449676273)
(0.25459514914606013,0.7550615584020954)
(0.20107657153446748,0.7971059516099877)
(0.24255441659377894,0.7521396688499274)
(0.2602678743714379,0.7036515867301475)
(0.17029487920069433,0.8069082901965672)
(0.24215575864519517,0.767882397544311)
(0.17539245738906106,0.7901750635752892)
(0.32985804003237484,0.7063755655276337)
