(0.19863450655425388,0.8100879077253608)
(0.17910364921266617,0.8172849898460322)
(0.17703005980302908,0.8160271692421203)
(0.20051896624073248,0.7935708745070452)
(0.20372446688780424,0.8090486383446996)
(0.21697485435796912,0.7824633102090933)
(0.19412682932861736,0.8005398292939456)
(0.20613842062740653,0.7964963610658456)
(0.20788911246711708,0.8051537889818787)
(0.19448641863232563,0.7878276693226348)
(0.2370049710772874,0.7787586588046874)
(0.20585570579090662,0.7960572355316284)
(0.1979049426146271,0.8030104566275497)
(0.19438004051655597,0.8032520499595288)
(0.17858407999762235,0.8172092626962096)
(0.21243130293283632,0.8041750064208463)
(0.22101840585146124,0.7823415209576475)
(0.18911166232393092,0.8125156484118389)
(0.2317907021259051,0.7820641903379227)
(0.17768804314638414,0.8200157778704698)
(0.18289136766777872,0.8066586328898886)
(0.1585270689214178,0.8290806237473747)
(0.19478181922388488,0.8026662951814928)
(0.23320359604585283,0.7615564551229483)
(0.2293156016153093,0.7838074644378693)
(0.1920943103547958,0.7944818427943)
(0.2260633643104595,0.7918183304665545)
(0.1585999171884558,0.8234843235483728)
(0.17876929949054637,0.8133431731434697)
(0.2074228715260326,0.7957383153300106)
(0.19929519108423235,0.8054766139187133)
(0.18788783782228202,0.7977744063509358)
(0.2113498173004421,0.7876947696420116)
(0.22288434742997365,0.7976746969445911)
(0.20660345383082668,0.7977671071835559)
(0.19699874082780283,0.8050827472330209)
(0.2225475520323597,0.7859892390461746)
(0.22229169547049563,0.7882739563288942)
(0.18777469922573298,0.8062306036742583)
(0.18388367532480013,0.8101348218540505)
(0.18391885780334077,0.8164179321426279)
(0.20740280186073248,0.7814733499162888)
(0.19820004478755454,0.8081234076887847)
(0.21500599550935037,0.7928355053625572)
(0.18557019748647186,0.7989043088521351)
(0.18466068543252848,0.8082569706282616)
(0.21386138106787542,0.7889768176797132)
(0.1900401081350484,0.8087210331904993)
(0.19594100135681128,0.8032216534815317)
(0.20589989245240595,0.8047586471116984)
(0.17542970145968367,0.8146779268110497)
(0.16683937247258615,0.8194478586886118)
(0.18014917860158952,0.8145439596589693)
(0.17742488797785302,0.803350838077201)
(0.23405071126586702,0.7897715186611762)
(0.19447603135315103,0.8003270440035667)
(0.21100762460031366,0.7897989158211919)
(0.21587594446495162,0.7990065369121442)
(0.2061385120496104,0.790931458862476)
(0.17978578623773636,0.8158804656286593)
(0.2095840142365785,0.7893889713880606)
(0.2186876604587563,0.8028097563755658)
(0.20292757913813958,0.8056836479863985)
(0.19153735927551213,0.8044686480900499)
(0.23111026193605858,0.7838306912704076)
(0.20736912744195923,0.7847041814245957)
(0.19248649045434255,0.8097748581065484)
(0.17104486764959548,0.8047720417591324)
(0.187607213017664,0.8042299664838387)
(0.1951644919895826,0.8086202553563433)
(0.18172452991140395,0.7930894256138664)
(0.19465550266530626,0.8126671058404333)
(0.18916212207079355,0.8128438971660534)
(0.18118484723994002,0.8242489990445018)
(0.18083182557357516,0.8146369129808774)
(0.18274493285133972,0.8080238030153382)
(0.21881041490609873,0.7908349552453507)
(0.17049766578304268,0.8174823265085633)
(0.2062990419070433,0.7934988612228026)
(0.22482994376146592,0.7884759739376305)
(0.20031405431552443,0.8093165966531816)
(0.21989525012667507,0.7832434832601788)
(0.18886173121387434,0.8224799273781879)
(0.1983510230597734,0.7968635025812525)
(0.17071600316510005,0.814803501802196)
(0.1909245061577876,0.8132128687210224)
(0.19226508747831283,0.8018474793074825)
(0.1929895156714718,0.8150578848804464)
(0.19588979760221195,0.8076998900042307)
(0.19961428026108927,0.805733996291851)
(0.1922409737023651,0.8025936379188485)
(0.21561848233178083,0.7978876288998874)
(0.21136408575211071,0.7935559233758837)
(0.19307963870036815,0.8056424369948277)
(0.19985027899233318,0.7905887116847979)
(0.2044593812023043,0.7901251907253151)
(0.21167425196369077,0.8040197911289018)
(0.2007932142328911,0.8016529747825111)
(0.21991711225236155,0.7926755482115525)
(0.19437037901863038,0.7945228322831149)
(0.1794510187198751,0.8120417252790514)
(0.17569856435960682,0.8074444615818867)
(0.17386765563423942,0.8155607460561032)
(0.20195861498604187,0.7837085724979779)
(0.18983237817437337,0.8160461028742987)
(0.184656434735875,0.8110785193653303)
(0.1990673328924098,0.7963628609256989)
(0.222553475907423,0.7922628961900171)
(0.22236564687287497,0.7951116096729801)
(0.20986347707658828,0.7958584157255841)
(0.20256018459171435,0.7913390442990895)
(0.19398359277136074,0.8047691019012787)
(0.2091920892177108,0.7963154104706689)
(0.17759396158971708,0.8153970453041266)
(0.20235958963952197,0.7936345858370202)
(0.1917051103220514,0.8158534274228537)
(0.23515944189847582,0.7799736552656752)
(0.20624375594368624,0.7916073781661533)
(0.22842264219131508,0.7737298707280474)
(0.20932028783211715,0.7989767776787845)
(0.16600217762882225,0.8176639391788334)
(0.2144182135794655,0.7855433150809897)
(0.21548924988196932,0.8070964654706134)
(0.2174485306775197,0.797600389063163)
(0.16757463083768978,0.8187457280340573)
(0.19349973192679454,0.814129424056745)
(0.20253063100474594,0.7937307144240495)
(0.19535175108136688,0.8092564218526294)
(0.17838759663248963,0.7982481752022008)
(0.19506312579519053,0.7865071622910217)
(0.19044238853418743,0.8064156090041469)
(0.22838891253433566,0.7827765069176842)
(0.206001151443736,0.7937860065576885)
(0.21590927930393278,0.7949833066099584)
(0.2035902379321532,0.8034130035799971)
(0.18462039335277333,0.8019912498814801)
(0.2242216897893399,0.7937491226113286)
(0.20974406506413357,0.7894876255143379)
(0.19210550893033865,0.807361719896373)
(0.20039690589735196,0.7928864857133895)
(0.19295242958312303,0.8056988607046922)
(0.19846842349409588,0.798884921784387)
(0.2161137174844777,0.7951767569892978)
(0.1967022386254311,0.796145907286464)
(0.2196738239698187,0.7825819619804754)
(0.18843180614447239,0.7933880351006398)
(0.2261096891196403,0.77574463145866)
(0.1886207258789442,0.8215046319247741)
(0.16728837491657608,0.8185850466874794)
(0.1893363331030353,0.8014312954275568)
(0.20481903855859437,0.7838344572915829)
(0.21173354092994495,0.7964930726196243)
(0.20698531395826122,0.7927887573588887)
(0.21567702769951905,0.7909827578263914)
(0.1939776665667908,0.8094225531839351)
(0.16529479550875883,0.809753661674475)
(0.22642814962008415,0.7711130047702863)
(0.21290863414222294,0.7949820764101106)
(0.1824485936155382,0.8080795124931645)
(0.20019984057838106,0.7953244558677699)
(0.19771382623689973,0.80331051994032)
(0.17947962331844203,0.8148230544223948)
(0.1903543140233053,0.8027266537193933)
(0.1972975218226032,0.797145491655084)
(0.23520265727752773,0.7836661288340414)
(0.20440593455106365,0.7859093681141265)
(0.1917555694352843,0.8033718355650723)
(0.22121059101539006,0.7791052229589263)
(0.20420916481275805,0.8039808998968595)
(0.1730043815370414,0.8156307276798376)
(0.19437939775831037,0.794418290932094)
(0.16295130012490724,0.8223539515355333)
(0.2034084662028715,0.7972987808702466)
(0.18372622805584723,0.8069606769208655)
(0.20006493664012592,0.7893883626206173)
(0.2025550132842648,0.7958786434126669)
(0.1816856461562572,0.81988082385675)
(0.19238954542886977,0.8025113281980707)
(0.1974804236469065,0.8059029110452601)
(0.17943299211766356,0.8110845705438328)
(0.2192134487610684,0.7909364774613094)
(0.21032517344517376,0.8011519212133551)
(0.2047143652918854,0.800965922821358)
(0.18970529777757542,0.815645350270824)
(0.20526484297119277,0.7885704787131744)
(0.20179315652578475,0.8040153001294502)
(0.20307797377472642,0.8019655198603308)
(0.21215837362733297,0.8027030467007237)
(0.2161058758801726,0.7730638153854043)
(0.18095064352122434,0.8134907321524026)
(0.217898140578575,0.8072851839415691)
(0.1993734274449442,0.7942768128412176)
(0.18523884480504693,0.8099790502742641)
(0.1988334515513763,0.8051838506350735)
(0.20486154571769863,0.8032659074536811)
(0.19774401051838728,0.8016518245226324)
(0.1913597457111929,0.7973185975277368)
(0.22050748936980025,0.7776008216956827)
(0.22965242040304615,0.7898971668602638)
(0.23840350697626156,0.7735715024840052)
(0.21918283793429244,0.7819440035738656)
(0.17617706758963853,0.8084091152052969)
(0.22123509588149373,0.7681070252229117)
(0.2020973879217116,0.7994749618189504)
(0.2170764796875696,0.7955840505477161)
(0.2078551528365409,0.8033022108243146)
(0.22542267591679493,0.7775868169031203)
(0.22021288150320725,0.7820797754241468)
(0.15898474100842908,0.8313151423623525)
(0.20885878844949318,0.804225459084592)
(0.1823252680093991,0.8222896620490945)
(0.17902496777536828,0.8182114630724976)
(0.20054242361449257,0.8086468906411867)
(0.210172126877885,0.7954357399821391)
(0.16813033202618405,0.8214486155413577)
(0.20649556421566387,0.8084894709441595)
(0.1819874465053732,0.8145173266362359)
(0.1744365513063593,0.8121715049950972)
(0.25104317111335245,0.7701887870343798)
(0.20268081399291135,0.7929772875659995)
(0.2246526455568419,0.7811016033515756)
(0.20717329471917964,0.7939944100580792)
(0.212395693235985,0.7924593997735488)
(0.21715183545959132,0.8117325549228022)
(0.22412678037662848,0.7922520398202897)
(0.20850280813523453,0.7853116368037334)
(0.1920457790104033,0.7985116198102727)
(0.1749613848115004,0.8176486542983942)
(0.2071226408124906,0.793628590280615)
(0.20142816478597658,0.7956251240794702)
(0.22064215430403908,0.7843411872192402)
(0.1957997175922894,0.8040506791944674)
(0.19290423563657924,0.7947884294654955)
(0.2079295156923366,0.8016602915673983)
(0.17517422542608813,0.8009750284786769)
(0.15559001800305894,0.8235040465290102)
(0.1993018330527049,0.803392311609801)
(0.19756927592565857,0.7990397969042349)
(0.18570465032568217,0.816804560848953)
(0.2055912138182792,0.7947277011655867)
(0.22062748945730412,0.7968782667881594)
(0.1949766963755358,0.7943941404446322)
(0.19552442106896414,0.8088003405590979)
(0.19653309217394677,0.803493361571636)
(0.18343680855033714,0.8044051714557675)
(0.17256149177859859,0.8002679915243485)
(0.21119080257581963,0.7925043193306343)
(0.18306932963947498,0.8106697894809968)
(0.17719581118778205,0.8200703553637871)
(0.18892751123917656,0.8072045519047255)
(0.2147690221911427,0.787797817555827)
(0.20945209290527908,0.8001725981067772)
(0.21365303488387882,0.7805333025764556)
(0.18084262157460407,0.8031877849074409)
(0.19767349245087493,0.8192233057007485)
(0.17429729967171062,0.813155093425615)
(0.22465725161118064,0.7835204519753463)
(0.20334119117683414,0.8022212779331301)
(0.2162060326814833,0.7985546815290863)
(0.19163913203427269,0.8161937407745254)
(0.20198133438156934,0.8016618520691116)
(0.2350852426320131,0.7757598005407442)
(0.21368620446764336,0.7863456524499609)
(0.18637582375938996,0.8002817785212779)
(0.2002351384820646,0.8032086536618649)
(0.18750074076295759,0.7968939157907797)
(0.2055273780691108,0.7937306929289032)
(0.17994311012247263,0.7942602017535142)
(0.18879686834306336,0.7966883662808291)
(0.2373934504347484,0.789115215086069)
(0.2254890308788699,0.7924835144657818)
(0.22682563367184985,0.7865769514420303)
(0.2099342867517791,0.7985100651395399)
(0.19660464360617083,0.7940121404037742)
(0.20763884648470002,0.7965405419821542)
(0.17706102392188092,0.8114208398399253)
(0.21288682417368515,0.8083620437193453)
(0.22824698011225314,0.7759281263592144)
(0.1999947849552348,0.8021107838485321)
(0.1763962065503122,0.821718578052989)
(0.2098668209205302,0.7925342051061111)
(0.1963544870286056,0.8020832282187349)
(0.17910107803904235,0.8212785048161965)
(0.1896714249348809,0.8041332836683431)
(0.1939918371387192,0.7924491292827437)
(0.19860238365105612,0.8088113211918984)
(0.20938473541667424,0.7937696756378051)
(0.1844590717197408,0.8147035059687077)
(0.1637677139646621,0.8243567049660462)
(0.1864564995920767,0.7933966937549897)
(0.17013030489984057,0.8312485180830319)
(0.18084501710468745,0.8266879584702369)
(0.16113479485246063,0.8165197814971448)
(0.21190178947133925,0.7969044573902062)
(0.20897068425787949,0.8020232801119405)
(0.19346736741538487,0.8225930376596569)
(0.19486294536836338,0.815385310761507)
(0.21972777761768925,0.7985207111785002)
(0.18512740730175545,0.7962470152165511)
(0.18144080538210036,0.795961282975913)
