(0.1919821640934723,0.81327920723443)
(0.19596968971390816,0.7946527892462484)
(0.1625927605094191,0.8214725759353808)
(0.19214032114505544,0.8127151375870787)
(0.1800779170711785,0.8241873063681968)
(0.17161882571186365,0.8193748498167995)
(0.23116287607789454,0.7700864974117226)
(0.15036417810036495,0.8457625863326653)
(0.18235790806079977,0.8019915749487981)
(0.24007813730884817,0.7890104967884638)
(0.2095043876883885,0.8026435611388887)
(0.1923483572731992,0.8024380338465998)
(0.2056921520261831,0.7806517722078838)
(0.17212968497995465,0.818324825075393)
(0.1770690665636133,0.8252580050516769)
(0.22436077793698958,0.78035433472113)
(0.16924539516947745,0.8140928310946417)
(0.21817927593128775,0.7879768399139556)
(0.24321740770384068,0.7630250754968074)
(0.2077416198114762,0.7892465252642767)
(0.19488272842408189,0.8139697838477794)
(0.1790250030651384,0.816902005997187)
(0.21819860139964725,0.7924270586100215)
(0.24352171882101545,0.7752991614603326)
(0.18215751488470505,0.8396339189550259)
(0.18166371403623283,0.8067107835924311)
(0.21335751479051548,0.7871672366110518)
(0.17465237857792165,0.8047888148429901)
(0.20643098686116615,0.8309156446020138)
(0.2246148911754605,0.7912276114494748)
(0.18697701021949276,0.811449664536342)
(0.22132763472951858,0.770778971094857)
(0.2129748543771343,0.7950546131881546)
(0.22244347570949824,0.7968412871459941)
(0.21377576040561314,0.7932328195406053)
(0.2371118633868737,0.7712257599501373)
(0.2033495333662964,0.7818529941658271)
(0.21258521388595888,0.7795415914978997)
(0.2394956062007747,0.7554306997158362)
(0.21865941228350677,0.787837743603377)
(0.2075571402287254,0.7984483615031593)
(0.20646079687562416,0.7926425926873509)
(0.19781168215465628,0.7832785726276937)
(0.20471569157065772,0.7887489027193927)
(0.20428690428691532,0.7788632605200942)
(0.21617531808278856,0.7915238498642072)
(0.2362300590992932,0.7709760650314034)
(0.23156884554254625,0.7804106796521669)
(0.16914884220680787,0.8258185392099943)
(0.21883189704447287,0.7926887829066838)
(0.18315589811367228,0.8059784226797647)
(0.21337822511490528,0.7860628141241548)
(0.17648892453271936,0.8100926737385833)
(0.1736296153933679,0.8082431779186678)
(0.1942150503055491,0.8165596999831009)
(0.16572634109510526,0.8350423551929008)
(0.266790015056742,0.7666854172032218)
(0.20525188477132605,0.7898441246708792)
(0.218679476496555,0.781630320953309)
(0.1893350820772432,0.8183370353508164)
(0.22022353845733042,0.7965573512665194)
(0.2207947782407071,0.7884911705235776)
(0.2090509046354721,0.7743467442875903)
(0.21848918269147108,0.7877961355333536)
(0.17685270284259055,0.8275744480665684)
(0.16687409165149106,0.8294418916586934)
(0.17319602095644537,0.8308739273006234)
(0.20391421598326986,0.8104726306005465)
(0.23667891972210536,0.7725298019014069)
(0.16885352435366388,0.8250847087035518)
(0.18942752894725226,0.8103058996980294)
(0.2104731854203953,0.7887105875504288)
(0.19322613732886332,0.8258813807557936)
(0.21358449978149993,0.8028802799908434)
(0.21381347133994658,0.8004143964100127)
(0.21411397055487608,0.7726311934022866)
(0.1890692420365168,0.8248333278517002)
(0.22448797319700933,0.7983610466514084)
(0.18552476143633673,0.7915001488797985)
(0.21823664919529043,0.7883951582525858)
(0.20702788883127113,0.8145525370565541)
(0.222855073432984,0.7758271869718476)
(0.20389846725691413,0.8044161969888857)
(0.15936651342313005,0.8117535173202494)
(0.19047412975580447,0.8265381741321001)
(0.23882154546430473,0.7677912164878835)
(0.20695287044087896,0.8120175399388823)
(0.20334396720306144,0.7855043838403795)
(0.19087012348394408,0.8134391724672737)
(0.17792385387054466,0.8149708345348476)
(0.20173625386043495,0.7948430299956945)
(0.1787180089302499,0.7985788026855161)
(0.16133517615897527,0.840518603266675)
(0.16623302256253766,0.8200523581694971)
(0.17126288717651142,0.791947600324648)
(0.18135871976386903,0.8268856673246495)
(0.19637024186186547,0.7870020500568411)
(0.2063924222580828,0.7808983721560484)
(0.22091189507748848,0.7889484111684779)
(0.2126461209330752,0.776891607809953)
(0.22872320564649345,0.7716874987883555)
(0.18703683754155023,0.8132850730230174)
(0.19240045600401393,0.7954466500920373)
(0.21481193616539032,0.797312547757404)
(0.17884830235923518,0.8307686850713354)
(0.18309495076769164,0.8212043296840383)
(0.23079550868745952,0.7925962315961218)
(0.1930736297291938,0.8084281353360471)
(0.1762043530219941,0.8124957231277231)
(0.2106480874854081,0.7845952889729502)
(0.16099501594337817,0.8422004780066703)
(0.16799443648884022,0.8160230790741371)
(0.24330812981727645,0.768375460186496)
(0.18882260796152386,0.7949648911316896)
(0.17124449930767777,0.8316103437986885)
(0.1783123609403735,0.8082936919032953)
(0.21520465596052565,0.775683502444528)
(0.19280330478329147,0.7988157447074161)
(0.22482984601709868,0.7793352826639378)
(0.17905045437261286,0.8058118312899615)
(0.1796043811704322,0.8231038954711566)
(0.22937266324458894,0.7700349088657791)
(0.17713663774087987,0.8278575683194989)
(0.18976616879366162,0.8525161994563509)
(0.21411748663016436,0.788083351213346)
(0.19056355777749126,0.8104579421351641)
(0.18878174388887575,0.8059603650939685)
(0.23338292856450102,0.7942837133367016)
(0.19656974575334749,0.7988667569809871)
(0.26939496722051376,0.7623122479744583)
(0.18962046978241973,0.8208369646219922)
(0.23047933646555444,0.7949792369467531)
(0.1677868002183812,0.8368225265215126)
(0.1866190265164325,0.8234472075912236)
(0.2268315402752107,0.7752398574000299)
(0.204510284484489,0.8038635477181241)
(0.21280476313711771,0.7940820229122247)
(0.2091735549804045,0.7977090435308197)
(0.15938659682759435,0.8241926253425061)
(0.14746292932758037,0.8277591653441105)
(0.22463332873194963,0.7942571142494661)
(0.18221305678668934,0.8098506730517417)
(0.220769126055388,0.7902953962539236)
(0.24936819940940727,0.7586021376261521)
(0.18526316202692356,0.81723973998352)
(0.17629699489010386,0.8285406297873743)
(0.22236278028193188,0.7525995677562082)
(0.15131534636583166,0.8382134455444221)
(0.20034118583788896,0.8077165258341766)
(0.25525488886471576,0.7694665872846527)
(0.19671465023640258,0.784742126251856)
(0.17764436326359836,0.8312580660779854)
(0.20443806178052198,0.77712327910742)
(0.22071712970199273,0.7833575212896714)
(0.22243455683756302,0.7963135779881052)
(0.241873929497264,0.7501146703362113)
(0.22045913503494685,0.8112695612014685)
(0.1472181414526754,0.8418110531597487)
(0.22521022304990976,0.7871957275835051)
(0.2370202962297474,0.7650292906123451)
(0.19260861860665177,0.80955811019532)
(0.18081761406693211,0.8070975313053379)
(0.2457188798364713,0.7637389995383441)
(0.1882591323792456,0.8029336559233161)
(0.21574918322392633,0.8115973160987178)
(0.16239435887723203,0.8110527658598593)
(0.20433583475567474,0.7885611970990707)
(0.21713932493475704,0.7889122331769353)
(0.2526543078904323,0.7654675030927373)
(0.22065729179591703,0.7970519195705159)
(0.19628924083868748,0.7990837083463943)
(0.24175823590355044,0.7756323624244336)
(0.19615424209313886,0.8114593036868004)
(0.18447562116698688,0.7979806208703305)
(0.15815027881916677,0.8395308289238587)
(0.21400943664165128,0.8019462634233909)
(0.13724233646880324,0.8432461863784656)
(0.2124091502298383,0.7879742242290585)
(0.20981952491895234,0.7758106796173537)
(0.1995297464513651,0.7904973404017381)
(0.159038021775516,0.8391091967588078)
(0.18661642943590442,0.8042819359309034)
(0.20695328626736031,0.7981997188506247)
(0.21338447989587603,0.7804163941648131)
(0.20161280495981732,0.806061510479886)
(0.20008072705092672,0.8002829803272646)
(0.18988568082050378,0.7983445023181749)
(0.20021370527109086,0.7979964364458285)
(0.20772964430609828,0.7840984677342823)
(0.18968342994433293,0.8172607599578927)
(0.19179637343765504,0.8059717089418069)
(0.22955719649501674,0.7855804290668007)
(0.24119752171859885,0.7683268860549383)
(0.19401180422630496,0.7990713491945003)
(0.20471810627661138,0.8167745830502858)
(0.2446841199155029,0.7804191410965696)
(0.213170307629207,0.7856900967532626)
(0.18703871895854568,0.8190964951692278)
(0.1939024837730046,0.8054952329143381)
(0.19223490055636,0.8219882835155858)
(0.2542817970423804,0.7667387109094949)
(0.16183857211050212,0.841383098221735)
(0.20491138150828778,0.7961339225869377)
(0.16129250408313553,0.8484992929423566)
(0.17579884875185453,0.8230335621839161)
(0.24291493292222402,0.7811856220078224)
(0.17895350515189926,0.8226859485229633)
(0.2179179548638784,0.7903387466551498)
(0.18547867179356092,0.7998569938177871)
(0.20255417965966116,0.7997287538275806)
(0.16027879638045303,0.8453575379052619)
(0.20245866086336048,0.805956255064342)
(0.18241460421128516,0.8108641473257804)
(0.21457187245415993,0.7967843608414457)
(0.16251717314051942,0.8185054520134359)
(0.16392784718426917,0.8310943907042064)
(0.18426855710399653,0.8094832791185124)
(0.22148273711896374,0.7951019700598225)
(0.22604149476536892,0.7819185633064372)
(0.17616048798904926,0.8047869231330709)
(0.1652999610334666,0.8110139006484717)
(0.17653656247551186,0.8181547133417455)
(0.21254596139672513,0.7794062551304431)
(0.15634561053338902,0.8268396992215754)
(0.21124151156519064,0.7798711811959124)
(0.14074898381676723,0.8557937870618061)
(0.20712124997140757,0.8038475554403468)
(0.21849731426061872,0.7673146473046598)
(0.20743567824274126,0.7979071870370517)
(0.22456524075438292,0.7659716327541902)
(0.1708318375618785,0.8016026500046411)
(0.20559225517054633,0.8121932065109181)
(0.19104559947114896,0.8046215430711132)
(0.19632577488095304,0.8004988853693223)
(0.23475196697458817,0.7700743790224461)
(0.23541534494796915,0.7927233331538708)
(0.19826417904600493,0.7986129077402223)
(0.1759650199223043,0.8126353819754284)
(0.16177961223559129,0.8167137563817587)
(0.2290761164261385,0.7978852097167827)
(0.21051270019332563,0.792996384197284)
(0.16978207381971755,0.838982202290215)
(0.2128581549457916,0.7884334980196988)
(0.1738347826876184,0.7981195137344157)
(0.2116212391603787,0.7786874710565983)
(0.23862339535182195,0.7735285059539343)
(0.1815844457891783,0.8263411074093167)
(0.19096814773657367,0.7945333364880487)
(0.22860639449443132,0.7668542501191519)
(0.2256797117472629,0.7712203970530028)
(0.17088145178731826,0.8150044892428381)
(0.19027472865180395,0.8151591527599867)
(0.19276918511802837,0.7935761316954791)
(0.16098298372538997,0.8361853583815521)
(0.2341681142055183,0.770704555666961)
(0.20534391971892682,0.7973110755742782)
(0.20241383980440947,0.8014520939270893)
(0.22051484316767941,0.7809608733841491)
(0.19504142104354824,0.801709070101932)
(0.22853329802802563,0.7762567182576391)
(0.20729101117636034,0.7955011556027534)
(0.19730455723722184,0.7990672338723586)
(0.1972533574840105,0.7836392261165158)
(0.16575348710627413,0.8285768804397483)
(0.1922430865319771,0.8167677590451338)
(0.19310498469700846,0.8102111683902682)
(0.20187118037511753,0.7901836437363945)
(0.19678562007496223,0.8031396842034498)
(0.20314981577685312,0.8058878012417547)
(0.19629894479745985,0.816359515383225)
(0.19549280085430024,0.8031124675245639)
(0.2486495956021218,0.7628022155510187)
(0.231788444288671,0.7827235883920307)
(0.2350801462664255,0.7702109210771213)
(0.20907487878114908,0.7839966320520936)
(0.1681267046560295,0.8245093735472508)
(0.18218915372926278,0.8366080253750073)
(0.19381285452047198,0.7850783997801485)
(0.19946200224940216,0.809352775966658)
(0.22718568770891032,0.7649959420687497)
(0.1507084009969616,0.8183125172026853)
(0.21284575880332604,0.8044194776090315)
(0.24793804289374813,0.780835899348986)
(0.2273595910800909,0.7692313282641562)
(0.2257264886928518,0.775482718811246)
(0.15924042387407675,0.8395625881108557)
(0.18163193590891052,0.8039788744439671)
(0.1816646690817033,0.8182667426568022)
(0.18571685927437742,0.804282380673132)
(0.18605465499078763,0.8126755999349827)
(0.2677259460757369,0.7497500417992189)
(0.20214478545820058,0.7905401864915986)
(0.22496976503087093,0.7707008728596307)
(0.2088654462009331,0.8138863580192597)
(0.23030679381012734,0.7789078718341927)
(0.17722317947039562,0.8302082735366136)
(0.22011366930449608,0.7769149778543863)
(0.2048633424289816,0.7898619595324103)
(0.19723461655497487,0.7938516139281627)
(0.231014825492202,0.7863765019847959)
