(0.14630085917054572,0.8425665928599905)
(0.2379834793359454,0.7445157507769784)
(0.20281773695351601,0.7455153923202008)
(0.2873186642559477,0.7230594369346008)
(0.21790071703228373,0.8067300115056111)
(0.21305342567577248,0.7468963006561848)
(0.2555009321171403,0.7232440884943394)
(1e-09,1.1093622877549703)
(0.47384983513929624,0.5410959560030101)
(0.40594197616226324,0.6181196300726912)
(0.11322053537963969,0.8846985566364417)
(0.16482027809101182,0.811105056038832)
(1e-09,1.0086491513537241)
(0.26199814671545474,0.7292216201042998)
(0.4692395487555923,0.5294871522406762)
(0.2273433103209724,0.8269108561026303)
(0.2403321856055243,0.7545751788455904)
(0.03995137379394001,0.9764967021249463)
(0.1847994773156132,0.7912141537297482)
(0.3259629433652695,0.6720428354292395)
(1e-09,1.169856832397014)
(0.1874353011432246,0.8268574477860381)
(0.24003789285938498,0.7621993552004683)
(0.03365683930467058,0.9407421853467668)
(0.5257988463060163,0.45924068261525175)
(1e-09,0.9815828060367316)
(1e-09,1.1193708785576877)
(0.26512599302822953,0.717138455373804)
(0.1588419370422718,0.7919254988899839)
(0.6986480255177797,0.30519994468494954)
(0.23477285087214278,0.7384728003758707)
(0.5823439167265454,0.4265149267397296)
(1e-09,1.7968177657687214)
(0.13210803008550548,0.8779099820646559)
(0.15043461571890765,0.8501085628243044)
(0.14011982428848815,0.8477055414000085)
(0.30254838799928424,0.730007417069016)
(0.25163806841375325,0.7383235921601717)
(0.5900501458398906,0.3713572491978195)
(0.18071021099713036,0.8552021532488134)
(0.3914154819996283,0.5912747711853116)
(0.0787270209000744,0.9343129946671495)
(0.18561910941832915,0.8047866471927189)
(0.40844035656547706,0.6110048421718944)
(0.32493503687487574,0.6932392136295791)
(0.6249244825024926,0.3590777107513307)
(1e-09,1.0938990970838274)
(1e-09,1.3113095262011152)
(0.5096453261040209,0.48164537603791235)
(0.286703448880067,0.7221904484692575)
(0.08955357684191934,0.8964427940828735)
(0.16420191350541263,0.8811148484961587)
(0.44580918480882137,0.5443564946050362)
(0.3534777643841547,0.6535930810734402)
(1e-09,0.9820888685173748)
(0.16088573083864002,0.8328807703249163)
(0.013210268977214164,0.9614232967571661)
(0.027267251840494906,0.980350274132036)
(0.2188907780648718,0.7604462927412668)
(0.4642448549383092,0.5523649544104006)
(0.3589759634227396,0.6226161499022713)
(0.10954664142091118,0.8965212858529575)
(1e-09,1.3430792640569602)
(1e-09,1.0162625161250833)
(0.08815854051457102,0.9310622042644061)
(1e-09,1.2268514959222898)
(0.4679022055780006,0.49122176020667624)
(0.36589425705014517,0.6660373955501874)
(0.575239991781717,0.44682083797007155)
(0.19203850811106063,0.8339866201252859)
(0.43360623421624456,0.611285010500478)
(1e-09,0.9908650752449918)
(0.2313765205081092,0.7637377377530661)
(0.077382308984345,0.902613232828513)
(0.6028996057405759,0.4192650697471049)
(0.16115175547800306,0.8811951248052249)
(0.422870012559826,0.5918263178781161)
(1e-09,1.147512276524116)
(0.4764419616034684,0.49288893975058573)
(1e-09,1.1098583117481786)
(0.5881888794314875,0.3890587606251795)
(0.4768767255099638,0.5077352777928883)
(0.6108790322006418,0.40095461896344636)
(0.03276254218762475,0.9979684793382406)
(0.122937942290039,0.8701174611848358)
(0.03263945066106144,0.9188311797987541)
(0.21634709431881738,0.763327460955164)
(0.6344442561718403,0.44020528854256935)
(0.34872718040956474,0.6802855748831934)
(0.3490945404392648,0.6456993923670784)
(0.21958573310241267,0.7406648056073352)
(0.4966775945941039,0.49378714175942195)
(0.41869184817215666,0.5840530807969283)
(0.2515292669585808,0.7476378572370096)
(0.11754683560750911,0.8763004232408204)
(0.09694132862489578,0.9292639903110798)
(0.43544372911378,0.5727021747676491)
(0.30123703722476664,0.6606416771701594)
(0.0895753525956483,0.9140798267010701)
(0.21141297010774165,0.8023525091137592)
(0.19699728487606583,0.810553060209984)
(1e-09,1.2331710827213567)
(0.4098002716825274,0.6111938666728827)
(0.43932592679735877,0.5703123102900203)
(1e-09,1.3876000603608727)
(1e-09,1.0387858942287884)
(0.038432790107203754,0.9516028572651382)
(0.3979497207313114,0.6296110099625968)
(0.30192078121902616,0.7349374706577362)
(1e-09,1.1857037664612966)
(0.12064329849576805,0.8633089773914981)
(0.8392504747966004,0.17319590236777282)
(0.35489778199050687,0.6638671443868304)
(0.2906902318034035,0.711639504612502)
(0.24982894888171236,0.7264366752400409)
(0.06104315074857109,0.9369860160009876)
(0.534534257805797,0.4812644590933192)
(0.009422697358744464,0.9657393301900339)
(1e-09,1.2181264519026025)
(0.15490451787462062,0.8336190480008785)
(0.07871062484892404,0.9535117144069543)
(1e-09,1.1988789071363382)
(0.14039796284286304,0.8862615980331248)
(0.04308762255456436,0.9603085440404635)
(0.10444550649426455,0.8845496075063235)
(0.5981285852306724,0.4455838538309807)
(0.2925418133491915,0.7308732238558637)
(0.4433706649880209,0.5439169497240879)
(0.3927684489442131,0.6164585186106369)
(0.18788955046178793,0.8149653454811624)
(1e-09,1.2605340065080066)
(1e-09,1.118346929709141)
(0.24243308401595481,0.7888600071360006)
(0.21947405955907626,0.7782032884380906)
(0.4950910253465627,0.5478801288072689)
(0.6217128019047852,0.37816730512146335)
(0.364841875196056,0.6441854991165112)
(0.5813248978009586,0.43263420314931555)
(1e-09,1.2219733913938722)
(0.7399707151055762,0.30737840759973556)
(0.31809313286175356,0.6848308893769632)
(0.3416271354655457,0.644919266138513)
(1e-09,1.1124345607927943)
(0.11584457009347185,0.8965271854342227)
(0.06483795494765171,0.9414668632138571)
(0.5879412075620988,0.45826051298593834)
(0.45511110840104324,0.5239924511539125)
(0.1754811934183938,0.821141354557524)
(1e-09,1.1658928587690758)
(0.3649786783940949,0.6479789074982174)
(0.07040125003187002,0.9199236999764859)
(0.1513586355789728,0.8746535238955989)
(0.15613646529985503,0.7954451455582381)
(0.1962347734823815,0.7892071437888027)
(0.28852862124271506,0.6958045353174029)
(0.14645403086303857,0.8568572880130004)
(0.49419793055804656,0.5325145168069615)
(3.9931776943773404e-05,0.9808788885988575)
(0.39299963554081263,0.6488595070123385)
(0.12447648860430967,0.8900078652427462)
(0.325819668758382,0.6637936380319751)
(0.26490339670998597,0.7676500524299499)
(1e-09,1.0504620364578754)
(0.5905890335640513,0.42291357945920083)
(0.0065211170024722055,1.0308583401620355)
(0.22931319173334538,0.8254988117346436)
(0.30481934106078373,0.6954558503932219)
(0.11898510336293555,0.8727434075445442)
(0.23358538664603393,0.7261438947305737)
(0.2783710115653513,0.718905930648303)
(0.1955998957095556,0.8513449497229993)
(1e-09,1.106923944155752)
(0.2237058595975379,0.7642902380562202)
(0.6267605770355814,0.3501262316368178)
(0.21315353159918152,0.7615748451558919)
(1e-09,1.2603923689660395)
(0.13391829613134482,0.8460624315386167)
(0.1702126529695931,0.871328106003003)
(0.0008885708333464827,0.9739115898802732)
(0.299988682950475,0.6706804494165657)
(0.03545796897412347,0.9391791191050242)
(0.31981462964080437,0.6732277588017138)
(0.22488491251866863,0.762223641946015)
(0.10995511976511632,0.910953491988489)
(1e-09,1.0191572762609336)
(1e-09,1.0615255689608905)
(0.6259531222122326,0.36651499272890137)
(0.4432725574527356,0.5894971588836307)
(0.2674975280982105,0.76369315964287)
(1e-09,1.1977595469781939)
(0.2934016864654954,0.6774342243143535)
(0.41452927916018123,0.5837059114613445)
(1e-09,1.440710292021321)
(0.16272389668001186,0.8328427648442985)
(1e-09,1.0049957319136595)
(0.33105443286841396,0.6780949947964702)
(0.08117182440192602,0.902362459316467)
(0.13546870636806588,0.8283136343469706)
(1e-09,1.0921885160539688)
(0.05786533671251977,0.9161381199647455)
(0.09419008026933474,0.9009153304229314)
(0.34204902749640376,0.6535461060336404)
(0.16390922730724902,0.8484385780247597)
(1e-09,1.0693322071707074)
(0.35232318865715967,0.6289932634444427)
(0.1604223273603122,0.7915215096239924)
(0.1174725595271002,0.9103704488762938)
(0.672883031913223,0.3801798847032641)
(0.01014308948120595,0.9828227965061738)
(0.17924883816516135,0.8000113046331739)
(0.43606817819130606,0.5680731700896676)
(0.09106828422389766,0.8595705826961875)
(1e-09,1.483185700203106)
(1e-09,1.0030430070499252)
(0.019513811325328794,0.992187884680905)
(0.47492147892545417,0.5483290202431382)
(1e-09,1.1635239142121176)
(0.18399053900015971,0.831037512187095)
(0.46830251459704236,0.5214190269332646)
(0.18008098044098483,0.8342245741830882)
(1e-09,1.284802232622674)
(0.24306717412019133,0.7148919821073897)
(0.48557594404085286,0.5324736257047445)
(0.28548349359387915,0.6825598631091104)
(0.10210133060233068,0.8635505237981755)
(0.025429995788227622,0.993790844399507)
(0.6579897303956054,0.3774456222765082)
(0.1258394498170459,0.8797846845440818)
(0.5420385865075201,0.4536551523851678)
(0.2319411371347352,0.7402521658408532)
(0.6257269599827033,0.3912439977736593)
(0.39744520010029294,0.6028882747863541)
(0.3555904030541054,0.6934335964269327)
(0.21728229031338725,0.8048757622737854)
(0.05262791304486438,0.9721144937294407)
(0.15953063574520385,0.8471972720566324)
(0.2240722221111355,0.7666631610829527)
(0.3707582957521943,0.6103544882090195)
(1e-09,1.2732816637149462)
(0.30174552453566983,0.6907936268214142)
(0.33414975403617453,0.6326699507491613)
(1e-09,1.0775648021073216)
(0.5976801713177479,0.35350216950938806)
(0.2558274800657921,0.7110487710578176)
(0.2673782761994627,0.710901287377341)
(0.15517114228710535,0.8692139874720451)
(0.43379633376247234,0.5392452182187382)
(0.07996821883407063,0.8872855984491735)
(0.15787893028449157,0.8339323005801043)
(0.5113709359846272,0.4886312798479848)
(0.5410821391895977,0.43111125124839444)
(0.2131662571949613,0.7375851518852009)
(0.16724623999813165,0.8264596238603589)
(0.22230662965010728,0.7834657183042237)
(0.06914339606416646,0.9354115609764112)
(0.032391688066556894,0.9648570811727897)
(1e-09,1.2228265344904672)
(0.46717709586834094,0.5299338730685377)
(1e-09,1.1148070414488465)
(0.21723889444272634,0.7882359297478111)
(0.16732417295431437,0.810821734841994)
(1e-09,1.0421019772689732)
(0.4656981531729189,0.5437663892052994)
(5.003431744648283,1e-09)
(0.47607995856593116,0.5462739279549498)
(1e-09,1.0787740645407873)
(0.20988552176970401,0.8547904486271194)
(0.2046697400536275,0.7861408286123877)
(0.6589698792595504,0.30858764810011)
(0.19368379916010064,0.7925609636844391)
(0.1990318810771166,0.7673048244425313)
(0.24012711236218634,0.7609516975200497)
(0.06989676777830606,0.9365669633297553)
(0.1377209236014813,0.8143442421103945)
(0.20839444945778032,0.8130189898718635)
(0.1424924195524322,0.8224636923547575)
(0.6182094000179003,0.3486063817622569)
(1e-09,1.0223392060601741)
(0.49096816659275483,0.4881161233490136)
(1e-09,1.1040218930740486)
(1e-09,1.2841203078805312)
(0.029778167801974512,0.9523397030250078)
(0.1263889889563565,0.8730871082553979)
(0.10343308371799305,0.905761248400376)
(0.6740790931887978,0.3352212615940548)
(0.08167566616339558,0.9066095077602434)
(0.04924642590650936,0.9442780680928619)
(0.11694454792220493,0.8705181701994714)
(0.2445788509250523,0.7731159284892719)
(0.3520938193278343,0.689773916435039)
(0.2937313505600411,0.7414069028798732)
(0.5437363129171449,0.4922740601056466)
(0.18321486121261044,0.8427280103280551)
(0.09301371937074175,0.9537423980448773)
(0.3151766745345425,0.6956829164519531)
(0.06288309937411243,0.9542724929113814)
(0.4098032119426155,0.572014150643439)
(0.12491260849355262,0.8619260694708855)
