(0.23727160589476107,0.7892766132294169)
(0.20742829267977733,0.7562105328673269)
(0.2106547825845242,0.7503828240974297)
(0.09243271061693935,0.8941523231022003)
(0.13127206592840085,0.8580166056705203)
(0.29565523066999344,0.7028118388670536)
(0.1979297230993817,0.8367113370179091)
(0.14823822566422684,0.8818057909708493)
(0.27983740077570834,0.7327422022436128)
(0.34838928563128124,0.6520551320869286)
(0.2708863982561562,0.7099833533322188)
(0.2990668420253071,0.7268776608888409)
(0.22384726039463929,0.7790226662306352)
(0.19163243213834058,0.8120081639719409)
(0.25324490076296163,0.7620175318862443)
(0.15134061538127674,0.8618150086226785)
(0.2540332013569491,0.7261163910748948)
(0.12983984424428105,0.8409610907990337)
(0.24977713646350405,0.7912266223854115)
(0.13392360973434578,0.8676762891086998)
(0.12574789898849084,0.8673692106160419)
(0.2607868288897105,0.7307381285944567)
(0.23952923993275266,0.7720718764979584)
(0.2531204250640448,0.7628989425097832)
(0.27186110372519484,0.7457170330360444)
(0.24658347761615518,0.7627606962453147)
(0.21555807217299497,0.7670601164244037)
(0.18349217850471994,0.8166446900005943)
(0.15828209997285958,0.8762255943753388)
(0.2656642218988456,0.7714963662477166)
(0.23027932987162436,0.8195050442149235)
(0.04771119046072543,0.8902828131266096)
(0.2054224820457077,0.7696714792420877)
(0.20533336414387318,0.8065478636652704)
(0.1736886261958169,0.8488223466576558)
(0.16196861991747738,0.8084231114724653)
(0.18708700485062632,0.8383870693780632)
(0.1459877935039772,0.894052253419057)
(0.2058926784460417,0.8139211870638202)
(0.23441574785235436,0.7216612214041291)
(0.26682088738500936,0.7478275339568232)
(0.26026969299589536,0.7373156199753301)
(0.3128065906746251,0.6996726867156144)
(0.16520418389352168,0.8819959147992357)
(0.23600958319224644,0.750278592480234)
(0.2176850039564938,0.796134690906454)
(0.1512766726380943,0.8290523060481355)
(0.12266733767736594,0.8425501972741033)
(0.1804901088863803,0.8024365049660035)
(0.2417480885393273,0.8082177749794068)
(0.30730004738200906,0.7038953831762527)
(0.2066897171442559,0.76082125473027)
(0.15172700449934937,0.8481209330521253)
(0.18070453332109712,0.8559230893744656)
(0.1650164203537578,0.8686734589990882)
(0.26628755529867054,0.6923374811167794)
(0.13538546152467287,0.8900003194859604)
(0.2815809694539997,0.7254096199558548)
(0.16343359347828695,0.8561392093264129)
(0.1393325619710776,0.8680992925365983)
(0.3095289375236364,0.7319668386689595)
(0.15488711991384652,0.8563443112272131)
(0.09940926113521255,0.8479899255967037)
(0.2828621745271674,0.7514511212680914)
(0.19244175326515733,0.8341442109988855)
(0.21748587596621005,0.7762899015450142)
(0.2586161837604635,0.7399894927858871)
(0.3183265333748957,0.6875484326599508)
(0.24847669311778764,0.7596416176021253)
(0.2904283423350223,0.7383308380057106)
(0.1766657657513857,0.7944941613748273)
(0.13597409463141127,0.8259739878548844)
(0.376743499265552,0.6487531484373872)
(0.3186995721763029,0.7318751570636616)
(0.1980059840020227,0.8128595119794122)
(0.053683644306823944,0.9197680091470892)
(0.13757916655461405,0.8641053960924188)
(0.17400599025939043,0.7899508567817972)
(0.11089000387108448,0.8743859945349927)
(0.17818901300662612,0.8187892669264171)
(0.19335200958596552,0.7449334013174671)
(0.23417208044416632,0.7783655447614161)
(0.23623356889591732,0.7425086263398856)
(0.13741899902861057,0.8668876761137657)
(0.36959421261834574,0.6673580663408515)
(0.27138964393783815,0.6981883387668274)
(0.3316530450924242,0.6730586005396811)
(0.13321803503270235,0.8158874381163899)
(0.17976626961665282,0.8326226288590353)
(0.12499717631154082,0.8424074018946359)
(0.2740665286213581,0.7542711888479087)
(0.24097454295183623,0.7627057863243945)
(0.14347079785458458,0.8464084035808814)
(0.1847575508919927,0.8271621027687476)
(0.0828714655309197,0.8906327338791289)
(0.16246628871398652,0.8121955234904243)
(0.2015979699039412,0.8137847390964308)
(0.28000188478457894,0.7372186509240638)
(0.24021413708408523,0.7422203038989003)
(0.3956225692289883,0.6924879634217252)
(0.11746878175937771,0.8463171228666903)
(0.17348095377913073,0.7989110308920628)
(0.12034500385551569,0.8996356691186604)
(0.23985101453709792,0.7619373834039328)
(0.28900362548608755,0.7318083582965438)
(0.19410493860835282,0.8110525486668029)
(0.3216919122477072,0.6858251413928432)
(0.11339229383109145,0.864376444562135)
(0.16624465603998648,0.8041507001908912)
(0.20510559048144117,0.8213626633231016)
(0.1477572698436575,0.8407680210274238)
(0.15447310662418975,0.8191307835484269)
(0.12804301686345146,0.8609285825417843)
(0.16258606185189306,0.8100727335762503)
(0.2793094626053794,0.759136193112581)
(0.322581057840498,0.6930968523424308)
(0.13736521475237606,0.8297314060570259)
(0.20259470452681336,0.8013412325966494)
(0.1820676410078407,0.7630285742962314)
(0.10190618147874228,0.8453274225926847)
(0.276788184604073,0.7373765180605422)
(0.24710073731289664,0.7498117777178679)
(0.07919306847455407,0.8921855320658104)
(0.22835172770960316,0.7546830902241491)
(0.20904838873171658,0.7805968544266738)
(0.2791073768521248,0.7559605313834229)
(0.230349423416898,0.757654580561853)
(0.1906580195574534,0.7937152734880863)
(0.20054824800732934,0.7995882535039146)
(0.13249759537261746,0.85289168771998)
(0.19455106190165497,0.800373325731651)
(0.2786601995150335,0.7358590523197229)
(0.18745142839761322,0.837147723706903)
(0.24543447112493338,0.744978068843701)
(0.15296797195512718,0.8293435343722638)
(0.2867932612362436,0.7120378463357394)
(0.11893132722567777,0.8901388330120759)
(0.16274562508746523,0.8175022021032861)
(0.1695184287223619,0.7849870985739789)
(0.1685046119663494,0.8189484469472526)
(0.16890275419573014,0.8230247240130525)
(0.18828330137929872,0.783979157074822)
(0.23744054306125476,0.7636206971948934)
(0.18206184629760536,0.8196767406724678)
(0.2643817617203623,0.714448764716155)
(0.2459593352996337,0.7737379453293539)
(0.13791190836000253,0.80242424954872)
(0.11713320545108123,0.8777452898898993)
(0.05522222583782998,0.8871737514978536)
(0.1732433503823466,0.8281991204258904)
(0.3131565876356202,0.7379374453716605)
(0.28703036163673035,0.7291010615466343)
(0.13605971368902878,0.8469986338165254)
(0.28388707229311805,0.7361554336398317)
(0.24370952293733386,0.8099414402473635)
(0.11236532750640017,0.9037501499277343)
(0.19463846915789113,0.8103284387725906)
(0.19545274598805365,0.778804830496444)
(0.10348078063234022,0.8889269614618753)
(0.08775553746962167,0.8821149476110336)
(0.31011799429927533,0.7106766360658268)
(0.12490089036517496,0.8439402234984744)
(0.34215633583855715,0.6541693691352404)
(0.2449417869935217,0.7724190448473516)
(0.3065841504590081,0.7410990142228469)
(0.12459726346649129,0.8442020960102888)
(0.05121156593747219,0.940947698812327)
(0.12066444708739234,0.8857791836920664)
(0.26371190681952816,0.7872541255514443)
(0.11082286026579814,0.8512419066574354)
(0.22173219865232566,0.7507163166964145)
(0.12622704134727702,0.8937442772012107)
(0.11768189890690715,0.8731659022463704)
(0.18747318713976285,0.8179364490881817)
(0.07587752267623359,0.900257886013218)
(0.08573754687067325,0.8634235135715852)
(0.22867284017498624,0.7687531318283422)
(0.2897987272096287,0.7453815342561486)
(0.19495756336052464,0.803634270541621)
(0.22406189704121324,0.7761014053778654)
(0.2138886839119762,0.7607735292204212)
(0.2244421493496647,0.7562500245518977)
(0.16665889351396862,0.8054366136716191)
(0.09728906140927988,0.8965020068201005)
(0.19256706136524138,0.8298599881017711)
(0.22836601483968855,0.7369066694644799)
(0.20813352070999358,0.8014263339896415)
(0.14488378888813186,0.8795405691639605)
(0.19740398178377047,0.8253222315162754)
(0.22527991169668798,0.7873691186320207)
(0.3138649668978144,0.6905182835918774)
(0.31542491764542735,0.6964385104804889)
(0.14233391123078287,0.8671503588211188)
(0.28557907416571154,0.73521316953805)
(0.27435108829291255,0.7497958402030992)
(0.1704418453926807,0.817983545436481)
(0.16346845578844424,0.8573138139980859)
(0.12590341498122573,0.8729770528600095)
(0.1950011456127175,0.7835382737905962)
(0.16969468440744226,0.8252788379024036)
(0.19668782070908017,0.819728392112916)
(0.345630978366813,0.6548631039434953)
(0.17775017212508532,0.8311357076385392)
(0.06548761727097245,0.9307156467506319)
(0.2181211790051304,0.7866640868976917)
(0.14979239682856063,0.8655541081793016)
(0.22705261545822936,0.756284918330729)
(0.21790643068860988,0.749675484503998)
(0.146160370254172,0.8673913821298723)
(0.21432525252925114,0.7467591927130208)
(0.22731726674397595,0.8016482710882147)
(0.23155159552297488,0.7436118731769098)
(0.17031335695381408,0.8408699549633529)
(0.2777226825650251,0.7355222600978991)
(0.18841383041340734,0.8068210095412344)
(0.2778541123403169,0.7289330513895562)
(0.2196903125032987,0.7772037030583105)
(0.2030057937381877,0.8015654268492334)
(0.14175351802779387,0.832905900798562)
(0.1900607367876534,0.7720460063684907)
(0.13059220378282146,0.8587232215822911)
(0.24068008716481323,0.7576035307411282)
(0.14522517568976048,0.8225504976756596)
(0.1779501534526327,0.8208236126796027)
(0.18304057872911478,0.8293396083685822)
(0.17670962834905535,0.8414069108724415)
(0.1994668023599882,0.7880676256791191)
(0.18972547068905057,0.7950888214103902)
(0.2059615224785521,0.7571714516292909)
(0.24748922034255402,0.7601527491837278)
(0.0998015195614687,0.8977292092979733)
(0.13765853452289756,0.8610208154779437)
(0.17941325286316304,0.8675527164343818)
(0.1466993055390445,0.8612923582393117)
(0.1200831320286034,0.8991448343302745)
(0.16283664994271332,0.8743201152087265)
(0.19107668640029715,0.7893944923857901)
(0.224063275965136,0.7680851181187017)
(0.17084022399902604,0.8734784485070632)
(0.24449064830366213,0.754434391252001)
(0.047860098431491846,0.9381454427537577)
(0.21112237364770997,0.7722844914247934)
(0.2553331233222199,0.7319418783249184)
(0.28173985874332685,0.7150144528911103)
(0.23049534968533714,0.7603053393474369)
(0.21517392137039493,0.770060988774895)
(0.20166169332845527,0.8228228515764772)
(0.016479240280297312,0.9793228914274403)
(0.2386838965233666,0.7979073957419576)
(0.18528403982300978,0.8115053239586781)
(0.12966394167333772,0.8652413283966516)
(0.22416274639134035,0.8058786247514051)
(0.23430025286340334,0.7949061336114807)
(0.27602975477289426,0.7404978837895498)
(0.32808600579112934,0.6944327676517743)
(0.3397643775246359,0.700453745276256)
(0.27981595116031716,0.7544773551339622)
(0.1843125505680811,0.7963773003355945)
(0.23538846568693844,0.7374319150610624)
(0.20544704788963358,0.7913962272264092)
(0.19668084169880112,0.7933982390178218)
(0.1265295756912219,0.8514849953363751)
(0.25250163300329315,0.7827483430827787)
(0.19526722254343054,0.7988847905559198)
(0.1422470559608363,0.818693199700271)
(0.23527826589876788,0.7093581606051453)
(0.21640242118836542,0.7775475714305131)
(0.18772388807567952,0.7983350997490704)
(0.2114975996065977,0.8142881264660884)
(0.22215742256385904,0.7733865437128314)
(0.17020352787491141,0.7696023312079725)
(0.3006613076482018,0.7066985257819695)
(0.11922903372130486,0.8873109444983288)
(0.2721248803686279,0.7397111870450557)
(0.17053669791542914,0.7919683439137579)
(0.07170155661815227,0.9015695227117693)
(0.16985554596495633,0.8283097712419457)
(0.23434526170606676,0.7625412952960763)
(0.15090502370587663,0.8599436763409861)
(0.22203644827366867,0.7640855859045846)
(0.1795335786011569,0.8145711000592333)
(0.18857491960234288,0.8063146734825397)
(0.1769391795293375,0.8144322480145599)
(0.2228616011588156,0.7885255371692059)
(0.2056022246984671,0.7645763918580318)
(0.13912043970960555,0.848411183306476)
(0.23511840571021808,0.7742235730278193)
(0.19932165502275645,0.8329353228340246)
(0.20350693149399182,0.8178847536994442)
(0.13317601522743602,0.8709499896418805)
(0.22769521914685517,0.7631376620230781)
(0.11507277002288667,0.8590909075000845)
(0.2164432361089182,0.7930169901321288)
(0.20415363719302948,0.8108174695681045)
(0.20400361974103356,0.8302239368620948)
(0.12641484853704166,0.840819449042826)
(0.20038483205101054,0.8026084448623407)
(0.11540663165738943,0.8989142713655305)
(0.25392350193776286,0.7554754601851953)
(0.18127894824033092,0.8123215486735961)
