(0.21423397401854385,0.8008548621250168)
(0.22036473665693043,0.7840394755271545)
(0.24199830456618507,0.7659721219017249)
(0.19257643042287728,0.800383612839194)
(0.2219185386147019,0.7849880445841291)
(0.21253461504841992,0.7796023749125486)
(0.2098699949799828,0.7902210280345554)
(0.19778962002031297,0.7887474188604932)
(0.18857649549672859,0.8061103061123013)
(0.21913332577487596,0.7859959115436546)
(0.15435551747209575,0.8469948023962676)
(0.19087914388169053,0.805018322375336)
(0.2227169706468358,0.7804279869539956)
(0.1773552985902423,0.8335646559862242)
(0.21869339037982116,0.7941734852101037)
(0.21603279882142318,0.7836430937200884)
(0.22592169614375415,0.7803189915790981)
(0.202800165323083,0.7928386155508131)
(0.20196362757203545,0.802160580295309)
(0.2079634192251302,0.7893941874305908)
(0.19240728039574467,0.805998373942773)
(0.2100496475220749,0.7964641803698665)
(0.21413882439685103,0.7880201933590671)
(0.21591873686362414,0.7803622660572668)
(0.17870923667858135,0.823720814497676)
(0.17540391320210222,0.8113975994261597)
(0.17270313869359627,0.823320326203472)
(0.19689866205793183,0.7904670082875268)
(0.1933551774301608,0.8054106136655615)
(0.1952366446761449,0.8120596158601584)
(0.22446853861365723,0.7864948834661252)
(0.22578600206690722,0.7850221948608724)
(0.18972791367456623,0.823821316409252)
(0.22072519892740136,0.7751404860546627)
(0.233015986389074,0.7704828697335634)
(0.2193294227393948,0.789065815578868)
(0.17720620482515137,0.8093815030620285)
(0.21465877730992095,0.7871577040800466)
(0.23213282332961876,0.7850323875891442)
(0.18543974758524207,0.8040625868414079)
(0.2309380783178138,0.7684503965233175)
(0.2279820466870846,0.7683543549203827)
(0.22093536457537702,0.7830542628221305)
(0.16670514655120017,0.8416758496290372)
(0.18370637442283003,0.8160586480621025)
(0.16621497841796404,0.8248825046252475)
(0.16233797737083863,0.8271744770063342)
(0.174461904554086,0.8142633425397314)
(0.21724674028009597,0.7825836994926515)
(0.1927305998660329,0.8084907258469664)
(0.20252030130540796,0.7994477558857513)
(0.23068339883310232,0.7684687928289898)
(0.22845871744236468,0.7685988119634571)
(0.18314913000972252,0.8308626246442105)
(0.19018557999686517,0.8023397126445367)
(0.22166112430406582,0.782038449771287)
(0.20137091393080248,0.7886766812632643)
(0.19434110165114876,0.8021957071864441)
(0.190468565839106,0.8088299978645309)
(0.18223988145977366,0.8147588966554515)
(0.20384176660439757,0.7876583778227498)
(0.23920419010830848,0.7591124992223438)
(0.24749306111537292,0.7695236758439319)
(0.2267554963941569,0.7760951595954848)
(0.18314286670691274,0.81260458815269)
(0.25190720873901573,0.7419883305600027)
(0.2203293198780893,0.7933174845816435)
(0.19897857259601512,0.791511391462288)
(0.20093278367720302,0.8046062923411031)
(0.17130339307350115,0.8176141285675449)
(0.18063472280903836,0.8198549509159896)
(0.2355432877670953,0.7525079475633571)
(0.21612930599733018,0.7726222910333556)
(0.23935750694635527,0.7719349532777676)
(0.10902630589243434,0.8817207969361797)
(0.20413773909487162,0.7879223455130249)
(0.18250692456677617,0.8209896680475687)
(0.1799475828648602,0.8233108529678032)
(0.14215612187221685,0.8658854911975279)
(0.1939545201960317,0.8003227018771151)
(0.22673378028933894,0.766750658346253)
(0.12027685860155159,0.8701668905720447)
(0.1403812505497309,0.8566829475467231)
(0.1674948573377365,0.8201323716886124)
(0.2913796968122329,0.7186237812713763)
(0.2109519800185048,0.7781423612380451)
(0.19253587767564814,0.7903774864479254)
(0.21854651927312413,0.7760097218514933)
(0.20117556395728434,0.7891543261931554)
(0.20982339348553314,0.8100255803016132)
(0.25181207820892904,0.7528107859373298)
(0.21599621617424727,0.7879078676992404)
(0.20659718362870313,0.8042091245688949)
(0.16817930761311678,0.8139568399347649)
(0.19698425880967438,0.7910685237636517)
(0.2000390380252723,0.7860058774734703)
(0.2607291885331619,0.7384740334441526)
(0.18993213178587895,0.8133099175534338)
(0.20979376750133308,0.7821315119197785)
(0.22323097404696904,0.7758346266215567)
(0.2039290827060537,0.8005735733279012)
(0.200934466494775,0.8033216760845854)
(0.250801647475951,0.7682896682186456)
(0.22070915284283993,0.7805169745938251)
(0.2531914587193245,0.745325250367662)
(0.21269691104061844,0.7883837075629606)
(0.19979914646627214,0.7945065070470327)
(0.23834726618303523,0.7617903383080045)
(0.19988926147741912,0.8085659217238049)
(0.19241084515394247,0.8140950057754607)
(0.20801852132372092,0.7875125408295132)
(0.18609484046764976,0.813256444565757)
(0.18467767424914727,0.812321960969588)
(0.20228801856525663,0.8024590252138736)
(0.1827091605042296,0.8031621456475272)
(0.24608180392223122,0.7467433688158118)
(0.20651876133975447,0.7992811313683621)
(0.210711616292346,0.7871277592206267)
(0.25899756349569153,0.740836985218705)
(0.1854064680989784,0.802609550034435)
(0.2040115495022877,0.8016704059975096)
(0.22061065659886236,0.7755517099509848)
(0.20776603881746722,0.7935490129413892)
(0.1709204884942562,0.8194858887625113)
(0.20238104263135784,0.7882057332008575)
(0.201377432001494,0.7920249054231153)
(0.22562457167808195,0.7765618356792681)
(0.23534160360740589,0.7623961820654424)
(0.231641468100973,0.7747988740381689)
(0.21032878139367597,0.7991697871864772)
(0.20946123362251623,0.8074194462977037)
(0.22685903607407396,0.7792699781733053)
(0.20570710294007946,0.7887465840957681)
(0.22039710791897116,0.795474157127642)
(0.2540208684786979,0.7477323111847013)
(0.15356866006423994,0.8499909586968516)
(0.19632273268674247,0.8193393527476719)
(0.20421680659336064,0.7811922301185787)
(0.21330654559149378,0.7788036050546917)
(0.16870247208353936,0.8283344845967355)
(0.20908106468338392,0.7946180705539809)
(0.2288242953245418,0.7739389827567658)
(0.22439466425867569,0.7802137393702042)
(0.18311542345740928,0.8169984409116925)
(0.1883572436782584,0.8044874152707441)
(0.2623687141343278,0.7441136000617221)
(0.19709756525404662,0.7979649038375134)
(0.24118972756236537,0.7600011461135652)
(0.21744289024853625,0.7787882427416019)
(0.25015472958138535,0.7513182439183339)
(0.1705957902052002,0.8431505240462511)
(0.2826513059494737,0.7157103508588999)
(0.18763565583368846,0.8117328686854829)
(0.21524577145675367,0.7863060114254653)
(0.20805442032288213,0.786152211879456)
(0.22709462617996376,0.781714896484025)
(0.18725189116267127,0.8069599308379194)
(0.21626358786498254,0.7882081938939387)
(0.19504379451374912,0.8051627263021773)
(0.13652232962028024,0.8666824556735694)
(0.21098915205972532,0.7810483818186754)
(0.23118769642788167,0.7844777557600573)
(0.17362893662271195,0.8248892136833241)
(0.22643277754374724,0.7706865610012323)
(0.22018955177098803,0.7640550547905157)
(0.26590965418393836,0.7485350517354522)
(0.2328233115832382,0.7759776137539172)
(0.21534223665196597,0.7824221154425521)
(0.20524957023512833,0.796911360342677)
(0.22689836197781785,0.784059825717614)
(0.2145504529205707,0.803561598885634)
(0.20967150123114964,0.7870171061747963)
(0.15069157592209648,0.8555324317067882)
(0.2316602301428208,0.7668435706893334)
(0.19755767247979086,0.8042578560982977)
(0.23032498453760056,0.7729100393361437)
(0.20961583325854308,0.8094560959674214)
(0.20751580525966193,0.7944319265831122)
(0.1858171470558301,0.8177689408010964)
(0.2239430898497022,0.7693094367890863)
(0.22310393330882913,0.7845119189279962)
(0.24291952136339545,0.7554028159159096)
(0.17137734386097117,0.8229858874670608)
(0.23641297718838555,0.7523047560827164)
(0.258826919442075,0.7513463953661814)
(0.20450463843342775,0.7762208644082564)
(0.1884181524966459,0.8101590290481879)
(0.21028171038936225,0.7744468544581756)
(0.2316063668439116,0.7799331602915643)
(0.24697020825106566,0.757301445932781)
(0.21591309547646853,0.8016530153658625)
(0.18600490808067235,0.8001469843536407)
(0.1478219399025456,0.8484925720283527)
(0.21037193311700866,0.7920227797989722)
(0.22692374855831168,0.7724080904015523)
(0.20986630969460357,0.770984852172276)
(0.20640778008538685,0.8101045653987758)
(0.20201805492902764,0.800953848541219)
(0.17398801771783107,0.8194629898726404)
(0.22702085793401802,0.7767315633704799)
(0.25142631355080797,0.7528409855036376)
(0.2396043162354055,0.7666902298211316)
(0.15322769384974888,0.8427600706116045)
(0.17526368466336126,0.8314417593676111)
(0.16725011791137123,0.832910460278504)
(0.2214213143602994,0.7756179034629035)
(0.22431902049545702,0.7736676312023602)
(0.18005781298246867,0.8037018902315098)
(0.259407866412949,0.7391559832063633)
(0.23870856125511608,0.7700941916934616)
(0.207385194707841,0.7951807224315928)
(0.24682884893675325,0.7604578111200272)
(0.22290456505233677,0.7868456082914967)
(0.18785276668826892,0.8010203650771057)
(0.1810653852163737,0.8231670517803195)
(0.2119665587876643,0.7801391582722156)
(0.20845436755696925,0.7802005942148458)
(0.2214191287023369,0.7888267790344868)
(0.18832633809727417,0.8079663710515727)
(0.23518243610219053,0.7702315970912929)
(0.18050636922115912,0.8085868299263286)
(0.21632622392281084,0.7914386945100521)
(0.19541867697315035,0.7990729946269018)
(0.18740940417314672,0.8115763210826336)
(0.233104886726179,0.7941494011853238)
(0.22256211449638383,0.7649244012704817)
(0.148618375867678,0.8504843567415926)
(0.24365094049920347,0.7583588175169835)
(0.1961415524640487,0.8098780492624459)
(0.1964235952592386,0.8083344498185782)
(0.22148907726931866,0.7861837065916815)
(0.12150472020461518,0.8847007206339101)
(0.20538166266431285,0.8082587707589681)
(0.21473261813952074,0.7728977142520123)
(0.27023678254827715,0.731153809144197)
(0.17038219806792768,0.8233256869844494)
(0.16526148851692168,0.8323203649806166)
(0.19319836621000616,0.8058998556267559)
(0.1639807806591346,0.8393055580763361)
(0.24879036339387756,0.7751477670529483)
(0.15120156289649736,0.830734413621785)
(0.19022234263863017,0.8171568275790652)
(0.17453706047740364,0.8259230281868889)
(0.16037169542908347,0.8529097066242493)
(0.23805130900962201,0.765345290634081)
(0.22913002742862565,0.7820281248515173)
(0.2374008030323531,0.7503036773423635)
(0.16873958685907506,0.8342136229424182)
(0.1415557668855303,0.8544347295206286)
(0.19333900165344645,0.8158098896764757)
(0.2609734553116469,0.7446476471898436)
(0.25423765975062956,0.7480393021993974)
(0.18080962938011533,0.8163850891538684)
(0.18237250826801252,0.8347268232993997)
(0.19236907302186879,0.8068704859479552)
(0.18551958827053538,0.8052042528995168)
(0.29466258521169114,0.7099617765858393)
(0.2500002423719219,0.7682462477802054)
(0.16539682420780055,0.8322011787327056)
(0.20766834615355662,0.8015875729990737)
(0.20254927388558,0.8047768597317647)
(0.21184583522185865,0.799432313770078)
(0.198974404043277,0.7943020717366113)
(0.19110114924004085,0.8027653683065075)
(0.26128104555487836,0.7426067593121004)
(0.18501640811022044,0.8144069940142972)
(0.21587174868792092,0.7886471767807167)
(0.20650134842448867,0.7971432930317683)
(0.2190774859311447,0.7635510468360771)
(0.22524161136084422,0.7707796064048147)
(0.15748919449117132,0.8313206126485938)
(0.17532851352915138,0.8130837064637997)
(0.18048226338278403,0.8108571420646982)
(0.16830074150803073,0.8305201180890144)
(0.23604648561521147,0.7655833829707467)
(0.20448190724217122,0.7964928964618783)
(0.17256319908066345,0.8207596301912345)
(0.17381933956574144,0.8185068655155012)
(0.19967696401857638,0.8002839021203108)
(0.24050156813282542,0.7546117078600185)
(0.27759783647789305,0.7277518286807787)
(0.17941464931611778,0.8247389092938799)
(0.20323148492833978,0.7958029733625083)
(0.2034266520470359,0.8001143168943659)
(0.25768029063377157,0.7535744595588834)
(0.20003728686324687,0.8004695399666897)
(0.13976472780249344,0.8523485421988393)
(0.19480144978996913,0.8059342299727281)
(0.2024289262959104,0.7976663350790429)
(0.17245571737025944,0.8333884054712499)
(0.1951396761921304,0.795242313034952)
(0.1674602842551077,0.8262242527662741)
(0.2043569645848377,0.8108046495102669)
(0.21468729370543221,0.7883042655179895)
(0.18866791070133712,0.820055090766566)
(0.22323357784460965,0.7803209848080175)
(0.15838372393058914,0.8404627242839546)
(0.20908094016791537,0.7991230327821476)
(0.20705656067021483,0.7805582745332292)
(0.2087125300451365,0.7980950716709253)
