(0.18430518793260944,0.8153459897633675)
(0.1945473767364309,0.8002825911744033)
(0.20684780815310366,0.7943023859548215)
(0.20656421723767746,0.7997316243205024)
(0.1596638964382137,0.8322026303504646)
(0.19989967821902777,0.8023542528159128)
(0.17222679078542913,0.8157801991821442)
(0.18825336070412932,0.8161148151223914)
(0.2360501376773497,0.7713285441550487)
(0.21296693387482774,0.7807997765581114)
(0.2096665969066705,0.7923118187234296)
(0.2112569310582028,0.7899140259998846)
(0.20050513315758187,0.8041991799060182)
(0.20493430685342093,0.7862481811334558)
(0.1899885726742064,0.7959417522094754)
(0.19514975042710161,0.8094974120667008)
(0.19740739120767165,0.8054516466890819)
(0.21491154504081186,0.7804761922107993)
(0.19724940803690286,0.8089283273896073)
(0.19392218393614297,0.8053724024620984)
(0.21971839134579849,0.7913604788124251)
(0.21260766964113165,0.7872793414622855)
(0.21718997573361642,0.7832312243421209)
(0.21846275649039612,0.791092482195791)
(0.21134624860321838,0.7925462189100387)
(0.18136831724122338,0.8171843849267756)
(0.22163326354685176,0.7740721802934992)
(0.20904477361881657,0.7943013459586961)
(0.17053484787275883,0.8277919903133)
(0.20672026144335962,0.7781291972829791)
(0.19372357841658117,0.8052753701241746)
(0.22913201810438708,0.7779104809050313)
(0.17901041211359348,0.8191003825602532)
(0.21561144726720563,0.7834449861950785)
(0.22386592107211575,0.77604497007362)
(0.19166313145746566,0.8124777118196952)
(0.17903937774806852,0.808074284563439)
(0.20285605866465398,0.7900970853944969)
(0.18347724798842852,0.8134406701541571)
(0.24849985833759822,0.7650089122914467)
(0.19505977439176103,0.8068399115912732)
(0.18389788781527783,0.8132688125357056)
(0.2003649511354726,0.8027198066840545)
(0.19249479586405419,0.8099108794994214)
(0.22799941141666075,0.7820376354970241)
(0.1826800477174751,0.8135650895202006)
(0.1975298633691967,0.789804191463678)
(0.18998633708622495,0.807340079841744)
(0.2040232825962582,0.7968825077032401)
(0.17529882487999213,0.8130404013499657)
(0.20129358356823288,0.8080512247524583)
(0.20951161864056805,0.7992425579861714)
(0.21775750719266748,0.7751703622293942)
(0.19259167239302627,0.8079445164815159)
(0.20586768839756664,0.7979024069195736)
(0.2255944183463249,0.7818023293248758)
(0.22631305886468056,0.779301732724983)
(0.21551912587007585,0.7806386025124866)
(0.2221517256948872,0.789705586848077)
(0.2138693354165079,0.7970545577846817)
(0.1729789923365814,0.843031307496022)
(0.20068811189532135,0.8073946711419521)
(0.21375889288166253,0.7830248688219252)
(0.19096552736883476,0.8164823420762943)
(0.20056361036231457,0.7951620048872273)
(0.21545841529111961,0.7858183908093654)
(0.20645052736141709,0.7900250114734957)
(0.21493324145048306,0.7920679110819764)
(0.19231802445615498,0.7984403214271079)
(0.2006906115108427,0.7995541900669233)
(0.20040571059027212,0.7967148243442486)
(0.17650333062890783,0.8132047147804294)
(0.2045382973790032,0.8054404000715443)
(0.20976764468930412,0.7864406367759413)
(0.19180236969623798,0.8167829862865111)
(0.21728626943009677,0.7836457268146694)
(0.19040546654981336,0.8089474710125483)
(0.19180820676804722,0.8001672132089401)
(0.20236138085118777,0.7900530654292696)
(0.24188736233622013,0.7664886144617742)
(0.1890470668640409,0.800422029591935)
(0.15627990018054,0.8502655104619947)
(0.18323181932148372,0.8182082300499446)
(0.16249264991920156,0.8349843378820101)
(0.22897931858541928,0.765565271928115)
(0.22702467908818103,0.77808317248861)
(0.19614347163670265,0.796993962077249)
(0.19336281527610835,0.8041913774848669)
(0.18352401858720446,0.8067576671658729)
(0.22670865737257334,0.7874306180074249)
(0.19876776796535792,0.8047310612059702)
(0.20672752631709698,0.7954929959624432)
(0.22540926522028423,0.7704798056667796)
(0.2021910431175539,0.7910274473548384)
(0.17066429989430726,0.8231936476463904)
(0.16511469490558495,0.8312882158263838)
(0.2041871996739277,0.7928487793957032)
(0.20845216417427928,0.7873137297767554)
(0.17488058266149578,0.8213018451748187)
(0.2165024396566247,0.7875104943327609)
(0.1724819487401369,0.8183882673245179)
(0.22069569647561288,0.7881823376818005)
(0.20755655385089236,0.7931115563321803)
(0.21647264383884854,0.8011039214528888)
(0.1894180705232074,0.8066609479602126)
(0.1790480784405301,0.8129161197701654)
(0.20922308271955523,0.7977884115684296)
(0.20933534413626148,0.7918813020049117)
(0.20367666481355445,0.7981608947192159)
(0.19735647214262309,0.7947690899478755)
(0.21972103192153256,0.790702662488888)
(0.20761597741702648,0.783601344827747)
(0.18465748607403956,0.8067909980195634)
(0.19183160990018638,0.8024456873059058)
(0.21575315294426942,0.7760052025084518)
(0.16380061149969466,0.83453879909292)
(0.17410778160706702,0.8235431628906963)
(0.22839873458623808,0.7742479060210499)
(0.21824391380328886,0.7804538310877346)
(0.2090369202465415,0.785305735233331)
(0.21090921475613444,0.7886470581343664)
(0.2000243102875267,0.7929520856903591)
(0.1927153428937393,0.8061441362274826)
(0.1803097637380104,0.8132898305844714)
(0.19627440262183907,0.7987336305751941)
(0.20242192150312188,0.7956167599985352)
(0.2160573412579177,0.7776714973318459)
(0.20513745825598503,0.7950236959027662)
(0.22048523002951248,0.785864695000595)
(0.21418075521811566,0.7856644965974111)
(0.19284128672176906,0.8097986580847935)
(0.21651262750909378,0.7833176221852679)
(0.20835963019875614,0.7899940542938378)
(0.18423908379526743,0.81311050337821)
(0.2034329755619554,0.8004819232082422)
(0.1817690667827061,0.8189478495457538)
(0.21791570237095964,0.7878691332157387)
(0.17070156667283792,0.8287561136535199)
(0.1672819112289977,0.8306419866074926)
(0.19549590300134545,0.8016626713674648)
(0.19539614690849744,0.7972926725011413)
(0.1943116225327807,0.8044776633955326)
(0.20538963716077008,0.7920585757441684)
(0.2198924040757193,0.7869963459595176)
(0.22728298473302827,0.7763929429031505)
(0.21170061750513408,0.7943999517081985)
(0.18886932082804325,0.8020529457252842)
(0.19557765883404973,0.7996481299986413)
(0.19286588362611345,0.811890970595241)
(0.210919436017487,0.7921451716526012)
(0.19076279797283716,0.8017024130922615)
(0.1838916947732227,0.8114689049700327)
(0.21908292059804954,0.7943214232442944)
(0.1686333713457359,0.8178435522613778)
(0.20641410103405466,0.7980779432156154)
(0.2411723569716854,0.764655533981955)
(0.18195155005337013,0.8186087175523534)
(0.21948402744400114,0.7759971947879074)
(0.21746507686786462,0.7815730357551848)
(0.2014262112344745,0.7940963217969172)
(0.1867185204130815,0.8139911681118189)
(0.18431760849593362,0.8257254739883517)
(0.19482913380260833,0.8013781089268919)
(0.23116471070189626,0.767811366528864)
(0.19964632912845987,0.796789523232936)
(0.18368797583671892,0.8093348122534304)
(0.23156506348591402,0.7733854779135919)
(0.20264799828201804,0.7960689780346869)
(0.19454077594368197,0.8092627725370976)
(0.19075475455107224,0.8055743394305108)
(0.21772529060785922,0.7846218624662141)
(0.1666015496046167,0.8282745630604531)
(0.18849203162933081,0.8188820658542001)
(0.19372470637186406,0.8008387810866194)
(0.19193396388284759,0.8175733882387145)
(0.21156743871599423,0.7949023715887257)
(0.178111960183786,0.81706658976748)
(0.19872176569638095,0.7972992060025902)
(0.202550919255302,0.7973941312162565)
(0.18766523842614885,0.7955274188196232)
(0.19613516775513803,0.8088237862450048)
(0.22317633305752374,0.7777103678866336)
(0.20730728449540486,0.8027990445361513)
(0.1757051788319261,0.8212223641683227)
(0.19969663759322281,0.7890631966416316)
(0.19399732724688307,0.8120446471777739)
(0.2255314179059302,0.7767409025100328)
(0.1992394455628074,0.7999401849472356)
(0.20651303372573152,0.7970224852124058)
(0.22099960017170694,0.7730217929914913)
(0.21974688059969683,0.7846948888249347)
(0.17653348685036688,0.8226778411341978)
(0.19094606524233942,0.8099371051622548)
(0.18352122178774857,0.8125606782359232)
(0.19198390595314238,0.8056267919994266)
(0.21139522853250606,0.8012757607049303)
(0.20150788815584114,0.7920991484414657)
(0.20751892706349703,0.802488180886638)
(0.19035705449848894,0.8031238317468404)
(0.22457890593039828,0.7787555127429113)
(0.18411205842487202,0.805629752213535)
(0.20671125209122745,0.7939917064850115)
(0.20278540804134162,0.7960235136473757)
(0.18858932039789067,0.8205948426338169)
(0.21567366139387348,0.7844701625332338)
(0.20443458831243777,0.790257339775491)
(0.19579917581520717,0.804164197920982)
(0.17754811598402065,0.813697371207927)
(0.1946031810912133,0.8086966040811023)
(0.185805303397858,0.8118380892965164)
(0.21309494224650954,0.7883657006750325)
(0.25573060950109483,0.7537307378323067)
(0.17985625399875463,0.8159350839056296)
(0.2024566525467461,0.7973910199672494)
(0.2052091085532663,0.784668797782257)
(0.22137554758106942,0.7817105790283138)
(0.2136113180054675,0.785379035447202)
(0.2182393393201714,0.7868121659048395)
(0.20085614125598128,0.797630402782233)
(0.24325754004309733,0.7576301082693714)
(0.206106798656673,0.7960888510877291)
(0.17548796491071547,0.8229405696052146)
(0.2559197007882508,0.7385911960089941)
(0.22662000077341704,0.7669768869540817)
(0.17842038047006029,0.8162815235018207)
(0.2243491767381325,0.7907453447964224)
(0.15782600387757478,0.846881991356353)
(0.21160260239480488,0.7894886799080575)
(0.2053177605591526,0.7921852593172091)
(0.1761282668289211,0.821412784354468)
(0.1816728036230278,0.8269381588705587)
(0.18820871587782417,0.8074932858196696)
(0.20387013798598536,0.7977204641021587)
(0.19122721477325327,0.8127993103615577)
(0.2211234960297442,0.7767353641393738)
(0.19496113055574263,0.798924949400186)
(0.20567010812502817,0.7980453830321275)
(0.19564712361688036,0.8144394949177666)
(0.17402549814969145,0.8221972002371242)
(0.19310255129691295,0.81822129065432)
(0.18351334343055728,0.819667074506954)
(0.19283227321314172,0.8024712553150363)
(0.1985909629144583,0.8104076195535546)
(0.17548086374039504,0.8306797464935637)
(0.19617644320000108,0.8096227425673945)
(0.20542172226161784,0.8014048259458859)
(0.16578580423163503,0.8215049218799801)
(0.18724645811003457,0.8203830355872056)
(0.177025468765334,0.8227697841522027)
(0.21592241117511562,0.7890230399843148)
(0.23069318510296305,0.7765898032402457)
(0.17345482564059833,0.8176977385737643)
(0.20763818833635908,0.7872463810118264)
(0.20008300644767704,0.7969346471027051)
(0.20137178503808045,0.8041339338644818)
(0.20428070096232104,0.7814753899330956)
(0.19238292537772186,0.8054138079427947)
(0.19844359084955493,0.7934332732585847)
(0.17323686384758058,0.8194024646054779)
(0.20583043115995256,0.7952245988614933)
(0.1988937256249517,0.804044724353763)
(0.2263690565448073,0.7771919105358059)
(0.20527943055890976,0.7993717061585042)
(0.17622183634983155,0.819040271543894)
(0.21540751747773992,0.7906132309374457)
(0.20844129949410647,0.7945734065029484)
(0.19872368388972067,0.8060764253072304)
(0.2107306293743615,0.8030924428959864)
(0.20385020532735193,0.7978078367831537)
(0.18506120895607553,0.8202605156029018)
(0.21571412683600863,0.7761786756381636)
(0.20660366924950332,0.8002201434882914)
(0.17528653915031703,0.8268092024070077)
(0.19671643853961834,0.8057437885493721)
(0.18020912549027748,0.829386618133677)
(0.20265575839264577,0.7981983787306919)
(0.18958449496248903,0.8049389817729122)
(0.20039322836208898,0.7971659674386968)
(0.21710373010652637,0.7905554353245264)
(0.2129180405831067,0.7832514163033516)
(0.22784881250686131,0.7822893472324265)
(0.2006590136107033,0.8016871246167953)
(0.2144513051331989,0.7908211293490124)
(0.19300985975710053,0.8078716575886833)
(0.23310585442369203,0.7677578846222537)
(0.21012619007926892,0.7928137231040566)
(0.19500936679267605,0.8125027387841639)
(0.19229237229056187,0.8058607610061564)
(0.22333612359217167,0.7704125052215398)
(0.20370116892712192,0.7882707526247804)
(0.23313062740666754,0.7719779276653816)
(0.15815277222590335,0.8340194208848126)
(0.18747511843040973,0.8161266671339938)
(0.20582233034548003,0.7981213305075648)
(0.2461593895153597,0.757282405181294)
(0.1918371188674587,0.7923926269659614)
(0.20981443997330754,0.7920881328025451)
(0.18843156388385182,0.814363527206884)
(0.22541791231294392,0.7803384936008582)
(0.15982192811311624,0.8269333544499379)
