(0.08060551285388379,0.10966422537582624,0.011971591224616565,0.7986130723005772)
(0.09835026608890342,0.10422713595325102,-0.0022253270577750504,0.8006969132885376)
(0.08917189111735092,0.13832638548802412,0.0076375763124959225,0.7977238896455109)
(0.13526779737652067,0.10412500696931631,-0.004291889897627707,0.7995089195348742)
(0.12571558754720003,0.093531673235884,0.010795071966071584,0.7989587868850969)
(0.1188032244059972,0.07926399358713399,0.003449369105772798,0.7980519831567671)
(0.14830969047398876,0.10880499770574291,-0.0009923916232675231,0.7972121826486043)
(0.14867365415356826,0.10560622647817731,0.00190434065330756,0.8014530283328136)
(0.06734474870139259,0.16276457079283088,0.0020986110406478954,0.7986078496174621)
(0.055808309972409216,0.1094251059833203,0.008442902175416883,0.7994441621211359)
(0.15349144764430184,0.09285473322783182,0.006865858050510218,0.8000395569545714)
(0.11502684573551918,0.07969131025296877,-0.011204373918546194,0.8014511253667035)
(0.10641660285387847,0.10254294050049052,0.003030061418538225,0.7975803012163484)
(0.14420878597112816,0.08712171814138663,0.0035598170217282714,0.8011157099955315)
(0.11626647493826671,0.1254405555780361,-0.0076726385403404086,0.8016675955624903)
(0.08299534512198345,0.0924307982796292,0.012617257686808946,0.7984554728013686)
(0.0851916353872195,0.11229416668213445,-0.0027797337072277186,0.7997186527696797)
(0.10086412550255658,0.128431063922055,-0.003485082501003897,0.797397290095874)
(0.12511978804779056,0.1034287383444541,0.002337426256904828,0.7985593025355451)
(0.14187994044460994,0.07679874541922113,-0.00420384152122873,0.8019454018245892)
(0.1014675675050237,0.10406045054595506,-0.01145737200893852,0.8019930120825601)
(0.10970757557730247,0.10138661129601453,-0.0012901326867856273,0.8025280699676645)
(0.06925487833828313,0.08245578199814031,0.010215798417937518,0.7990053646483908)
(0.09240851941119288,0.11674778855019262,0.00891965934310832,0.7994035989813195)
(0.14498067619765806,0.10298585602131195,-0.002600119385414057,0.8000508230723792)
(0.13344498299696447,0.10557027168904945,0.00027223967806465593,0.8022280107884602)
(0.1093126641711178,0.12169363195724332,-0.011079255228765397,0.8012034767674199)
(0.14676913868610217,0.09967484704385217,-0.011480507952804116,0.8023966537505484)
(0.08885755072231996,0.0997493947229949,0.0005858453941729215,0.7999372534876098)
(0.06727676081848648,0.13136812503860235,0.010345436684266348,0.7957727406335686)
(0.1132068604089851,0.10712606677799241,0.007638350003221387,0.8007110314315189)
(0.10938230085930098,0.1352752640815285,-0.00599268776078574,0.799062770539519)
(0.09447775367348905,0.07524211775494521,0.01787261866141367,0.7975563649146862)
(0.06348389032819474,0.07659689370569982,0.0004049088781203816,0.8001016801661737)
(0.08941181880778916,0.10628269940966677,-0.0019517383229041654,0.8006114185355618)
(0.11290284980256769,0.10324706224686164,0.002944489920991996,0.8014069735888952)
(0.15604017499702819,0.1071499082405081,0.003903674270187998,0.7978739206832705)
(0.16633977899538643,0.058851905888211944,0.004226081384887478,0.8015109950608861)
(0.14986343408451297,0.07775042248171449,0.008213093575286814,0.7997121235329822)
(0.1415991971197062,0.11875294025689695,-0.011074812403085348,0.7990645591721929)
(0.11689348841837988,0.10561121499446303,0.0025147695541287507,0.8007148456967462)
(0.1542728077663054,0.09673193109265649,-0.00415002873970888,0.799051122099819)
(0.1345070568814643,0.07734459650164355,-0.0030835481159968764,0.8014736415968282)
(0.17972047660036428,0.11474082431358065,-0.0009514416889420133,0.7988905256323628)
(0.1437052472654038,0.07692645003070601,0.0063013787434017645,0.798995841734436)
(0.12398087163361853,0.08560694920510105,0.002209981662549515,0.7997580444241218)
(0.13866594263528062,0.12887417405310592,-0.006387649623255121,0.8041035926471523)
(0.149549366578012,0.10640380896195574,-0.004220786060779435,0.8002819886192094)
(0.06443341936205015,0.10478979001787928,0.009637371353316252,0.7980779394709996)
(0.11994516844428858,0.09266198510581913,0.0010887384850533153,0.7993554841574415)
(0.16099655561587217,0.10768887669319023,-0.011304034054955872,0.8011879560954619)
(0.10184702181848639,0.09259548058005007,0.0024856884521745008,0.7997742729500371)
(0.11428593515739251,0.06256006022907834,-0.005673730550204802,0.8004229138891183)
(0.09389514303125616,0.07312791708841605,-0.0002760658780477551,0.7975468751836003)
(0.09232816695597607,0.10369535229195928,0.008040668160773966,0.7964881023977353)
(0.1606382731242678,0.07482764815791892,0.0033771798512219594,0.7999667581492914)
(0.18588546242926732,0.13251556606993492,-0.0087824523861831,0.7994775995724372)
(0.08535447133041506,0.16219621776863444,0.00805480740429001,0.7954035990602566)
(0.11534165219621251,0.05593457042626841,-0.003585773566493128,0.8009393231393667)
(0.10910196778684195,0.07484404987714019,0.0006490131018693507,0.7975442686435928)
(0.14755198341696432,0.09208880320792098,-0.0038457754133086,0.8019956694504738)
(0.1308466728852336,0.12819374794598215,-0.0032358913915085273,0.8012236586933201)
(0.14425336506808836,0.13437097085954444,-0.004477116791879784,0.8010543266420063)
(0.11220903150359458,0.11679514723681877,-0.002547802213009008,0.8012175237636413)
(0.09368267844109639,0.0965363673078371,0.0029901764076839263,0.7993434113838294)
(0.05531280427026298,0.1332741416745295,0.011955406921973789,0.7957487083004514)
(0.07069509123152788,0.08030773435810754,0.009777694377725276,0.7966222716175893)
(0.06710002164049837,0.1355355499291946,-0.008126068368130318,0.8003346282189264)
(0.1043718224123607,0.10852518851792631,0.0030920471839003243,0.7996317164702483)
(0.13403479630232437,0.09121155828829204,0.0006059190351870468,0.7993418236942027)
(0.1739081327888564,0.1399536381787794,-0.006748222263046094,0.8010155526216907)
(0.09012673674184443,0.07041788649392595,-0.003338827985083216,0.8004629574448878)
(0.1680878775706112,0.09359067931171901,-0.010948473339005366,0.799361943490207)
(0.08266651002130206,0.10226282444327689,0.003063851289749799,0.7956433536506711)
(0.15495761266379918,0.07999150723415968,0.02825328419708272,0.7972375745950974)
(0.09289135291041622,0.13598394699556646,0.005888669137965718,0.7993267223876497)
(0.14196571470171943,0.13822192029883615,0.0030218556300269503,0.7991354666049565)
(0.12377606251376277,0.11060707160207443,-0.009128201540959198,0.8007316210955023)
(0.08714159685120235,0.06273793621573014,0.01877946441460331,0.7975996452527097)
(0.11271834883892903,0.06878149118911922,0.001401892934222515,0.800160193600525)
(0.12588583134971643,0.09467805111967256,0.013250342633684973,0.7996808591037103)
(0.097683477544208,0.10478859093121812,-0.002384134082971845,0.8010954122180194)
(0.06308998812744665,0.13898529928837136,0.0014974033927417445,0.798090689888061)
(0.16379883431610295,0.09534118172380357,0.012767343676312309,0.8003273310250263)
(0.11301608024743928,0.11162422337677548,0.007653570302887253,0.7996161427855107)
(0.06128984758591861,0.07643724606352464,-0.003886536765802724,0.800549462295797)
(0.1168497802496271,0.13098182437045092,0.004183726685707721,0.8002678073516094)
(0.10699844094212324,0.09527617580998857,0.0057735173055101655,0.7998761657421317)
(0.0888607741466679,0.08718777280927019,-0.007800599341324316,0.8018326522635816)
(0.09366970670915999,0.12465981508447185,-0.005968850436741679,0.7986884512180454)
(0.12699930437898935,0.07603901706991528,0.00022606231166635496,0.801505712125477)
(0.11153238569741418,0.11006892247176986,-0.002277434780738288,0.8012014657270394)
(0.10950784806999353,0.13076022765544376,-0.011715342463356144,0.8045955734422575)
(0.10615926742603496,0.1445978411026996,-0.00032080376294785597,0.8001708625111008)
(0.14350887858109795,0.1288418446098675,-0.0017520428602609938,0.7989872347623044)
(0.08024256486973283,0.10591268984603032,-0.0007900211412822409,0.8000683662540241)
(0.14081323024814013,0.1063839272064869,0.00039250077758198513,0.7979099385913063)
(0.09224245703225262,0.14045213845012455,-0.0030160488875106708,0.7995393899867854)
(0.20932761571272987,0.1190318532529282,-0.004651418523019893,0.8001896729928341)
(0.062098121522618656,0.07588479665135356,-0.004543328452676109,0.8017282456169426)
