(0.07545902253368883,0.08620668187998574,-0.029738517245987455,0.8154937080658167)
(0.10214869706035551,0.1545299333840676,0.0071111219119979596,0.7894607931195694)
(0.11851170209216293,0.13149337328108437,0.019363347556885083,0.8025888477682477)
(0.08114521718181812,0.10378495126590483,0.029688466423696023,0.7989013770593564)
(0.1378036885840352,0.10617218952712515,-0.004224250359987699,0.789734499044912)
(0.05092553480875305,0.08013751371856946,0.04861175038194757,0.8096272570495323)
(0.0960380295822017,0.09153034718917441,-0.003192928187308579,0.8227440256185893)
(0.09153999671275745,0.09099072849401406,-0.010072246255504331,0.8033125825021624)
(0.06383965450206786,0.14757931818084843,0.01569025556376418,0.7878742559369591)
(0.07950703922406553,0.08936036221317945,0.019390020498536442,0.7849214448948504)
(0.1521258112071246,0.08073676122128261,-0.03800349794932807,0.8017823779392916)
(0.07420961494686837,0.08161236853682532,0.019797672358039736,0.792487017113278)
(0.16121457413216644,0.11210499000270385,-0.014267435333818189,0.8090606095861723)
(0.06789870840813515,0.10024160541401123,0.012438260524603034,0.7936210603447316)
(0.057645982356468915,0.07712521095724947,0.017143638870163937,0.8029794814790648)
(0.09884205792240917,0.18770720425092172,0.024649051668224356,0.7832834412332575)
(0.013075571401082899,0.08365700765203023,0.07362092927978063,0.7868690683265893)
(0.14160460067855327,0.07957759544312909,-0.0014236916920803181,0.7939911889458694)
(0.13923477020784608,0.07710237834976168,0.025004720464708242,0.7946993515132089)
(0.11415988314784581,0.10252763904120997,-0.0344917138771905,0.8142173653777205)
(0.06246092391138005,0.09013952793302431,0.0005092650349882764,0.8214462713971082)
(0.06496993089204867,0.0997029776846421,0.03371051084643703,0.8140718144156888)
(0.16724297650762507,0.0813083113452123,-0.015870945367277928,0.8033454754129774)
(0.0827268649266136,0.09046648753104905,0.004852191476104151,0.7999137580697326)
(0.17487882275925284,0.11154889182677445,0.014023324428256488,0.7923973029031275)
(0.11782386143400463,0.1268995411349477,-0.03803222834901937,0.8224855550424185)
(0.06835625700326711,0.07891829074971078,0.0015322231147504766,0.8200738108278474)
(0.10449106905297258,0.12652983540482166,-0.043007023389267374,0.8167023598833221)
(0.1655208913279709,0.07563600492970689,-0.04027321571148616,0.7767489019994278)
(0.06227715442759585,0.08286373036655108,0.01720175872109767,0.8033231944796659)
(0.14665156403421767,0.12493261945583979,-0.040142841061451634,0.8003702762692305)
(0.07194606625081361,0.07273300356461909,0.0033070006629577196,0.8170013624923019)
(0.08160047935147446,0.09911970053008605,0.00162270852520002,0.7926469083759421)
(0.16361490438294324,0.0665979933935232,-0.021283117763972594,0.8115907500716089)
(0.08327851741025666,0.10752338841755744,-0.021622325987407164,0.8046477394995679)
(0.09327428319410057,0.1110980316688512,0.01367624924395133,0.7972130620166025)
(0.101908303928578,0.08595909448264635,0.0035497355946536714,0.7992898646477741)
(0.09251739492102876,0.12511092317047398,-0.017747398246661994,0.8097438583119518)
(0.09660734847985927,0.05107441245644789,0.007444743895726424,0.7980593720969554)
(0.1020938604091827,0.10576480933492621,0.011287627167669137,0.7882487217152592)
(0.13485481842690966,0.11592585022583804,-0.017449961063822076,0.7825025913453116)
(0.12348415912239202,0.08537769108934322,0.006667197097886742,0.8050153462221719)
(0.04194455644655601,0.07189719027316512,0.040299123588405324,0.7999163911117175)
(0.13615281643623256,0.0878235489152672,-0.012069874320621173,0.8114850256874853)
(0.11242218230423434,0.0770442429502556,-0.0008020682568834881,0.791806093229949)
(0.07943045229685326,0.09548576846274415,-0.016649487993330027,0.7987716707687411)
(0.10426367507331535,0.08953459867472334,-0.0017043677000893364,0.802867819777102)
(0.1023878844374012,0.0804769500128157,-0.016913556814800383,0.820120544749212)
(0.08481538498511726,0.10756896008248142,0.047130855131520474,0.7943175718612117)
(0.1582757379971274,0.1095068229199115,-0.019617259113398552,0.7990022253687331)
(0.0822767110912163,0.09324739533789979,0.024557520756650235,0.810223262905769)
(0.06274862799228488,0.08373691634819905,-0.022092438127210224,0.8364881345816328)
(0.10162076715175253,0.08008926833727092,0.02397684270458305,0.7814314391014663)
(0.09023353601107155,0.14806473444493576,-0.013320653956815958,0.7994425989046954)
(0.17380984818916959,0.06297256450403256,-0.021318234397520702,0.8105617090311218)
(0.08622546938856629,0.0717041911817306,0.00021629410984134157,0.8291991209137255)
(0.07507074725932389,0.11771009852776362,0.0690051908752236,0.7775392603523519)
(0.07712582439294335,0.10876789134421266,0.020497784575176377,0.7935182678716659)
(0.06440341068020161,0.08151385854147283,0.0027030180337613363,0.7952693891233311)
(0.09273112720921202,0.08350343056323645,0.00894551350694751,0.799925805564237)
(0.06436162389220938,0.06269462297263102,0.07907641912145323,0.8088944618109454)
(0.08961108419816462,0.10039944273632902,0.021800041020189932,0.7862202356370376)
(0.08393682780286536,0.0885690469775143,0.04267180674015598,0.792895332084478)
(0.13090089733297505,0.0890848637458015,-0.06109998783813028,0.8110700249691546)
(0.12124785863024601,0.10330781601344609,-0.027311322533776595,0.8060415105410833)
(0.13421934406689964,0.13189129990287546,0.008789226990173852,0.7782067398410841)
(0.13993505711711132,0.13036507675031933,-0.02336518321526947,0.8019224563767784)
(0.09341205448272304,0.10793510429175233,-0.02402188367327806,0.8046142733588487)
(0.15872100800887692,0.11285466761290962,-0.011981513723005988,0.8004017146170598)
(0.14821605495497772,0.09033005891959232,0.003360955038392509,0.7918417458519091)
(0.09390744529502518,0.0788303154628431,-0.027209834082569606,0.8222834251167129)
(0.07124505735083334,0.08134317760058468,0.06486572464622592,0.8119544505520738)
(0.10637875891516713,0.10378923720523885,-0.04688264600227767,0.8119238635509074)
(0.09970343262515013,0.08476177823897538,-0.023309992079166723,0.8247367660502104)
(0.11740599053963023,0.08500701263865862,-0.02569199975779093,0.8013290091378682)
(0.11127370239996755,0.12885411997387233,0.006524735410092049,0.8056621956458184)
(0.14431610232735562,0.07478315723138998,0.0526193143516852,0.7767646282979853)
(0.11003776930150684,0.12643428136584933,-0.014184786288624707,0.7969252273018914)
(0.10413505784255181,0.11420299190067663,-0.00202537427376379,0.7987877263472102)
(0.02715056582183556,0.10846904751485421,0.0324793356675883,0.7949028992132877)
(0.07432830229397726,0.0962907312482517,-0.013218534174451615,0.7999581457826904)
(0.1353736332169664,0.08474791380440562,-0.009472374825932234,0.7993448785643645)
(0.13693667146147223,0.09215685283229226,-0.015039323714079896,0.7846229433217236)
(0.14920348288295346,0.1155108178729985,-0.017885005003573626,0.7812927903233957)
(0.07998302876360315,0.06307808241013603,-0.01720223976890844,0.7972277405703491)
(0.26566796867732284,0.13285649760239535,-0.018369281842918857,0.7842954165100181)
(0.13207472085926242,0.12803788833450933,-0.0023972748778715246,0.7898615674447153)
(0.08746193019390867,0.09962428105947746,0.005829919096905565,0.8093047632230693)
(0.1176011331797478,0.07699785394270155,0.036774340633172954,0.7727204188143957)
(0.13124299177283444,0.10421171114287876,0.02200486528613214,0.7977231459173273)
(0.17492138075491542,0.08655786607165511,0.004378134562839231,0.7892935705420833)
(0.1603175752189168,0.08025989774308404,0.0051116047267074916,0.793793326136232)
(0.05379213688923545,0.08131560881266117,0.015131379516501984,0.8048541286787374)
(0.06774592907010793,0.13058391485431267,-0.005797332499851819,0.8216833503805627)
(0.04725466850870145,0.08934927970270574,0.02484702112798437,0.7962465620227352)
(0.09006182696429137,0.08255632947898614,0.010750743726811533,0.7929906727628673)
(0.08348875643245114,0.10592772834367646,-0.041299329288493,0.8104534329027873)
(0.1072540465936437,0.07065548108555347,-0.006684253548962403,0.8014331212352176)
(0.12929948703651048,0.0850414888795765,0.03093326873775402,0.7885542695052397)
(0.1123325409503291,0.11703457688981402,-0.015723982218212564,0.7835137446068711)
