(0.20154180798952925,0.7944531349252778,0.31686133321816584)
(0.231771635584234,0.7871607800452465,0.36438826358643506)
(0.19878453671312912,0.7992151647160569,0.31252638821891443)
(0.17400754829916562,0.7940416408907802,0.27357233863339414)
(0.20727286629691088,0.7946963733608962,0.32587162638831707)
(0.19193434427834266,0.7982754962732351,0.30175660735141224)
(0.2167185107269467,0.796957329321249,0.34072194214692825)
(0.20093912071436804,0.7830138370727178,0.31591379635012734)
(0.20209267622255284,0.7884747004356184,0.31772740088166745)
(0.2132739657217888,0.7823274407213585,0.3353064745893433)
(0.2054539266307197,0.8015444820122654,0.3230119137886232)
(0.22383935010813988,0.8052291285489536,0.3519172305214104)
(0.19374034226081271,0.7984246178672817,0.3045959732091627)
(0.199041610387809,0.8128886252309973,0.3129305560097411)
(0.19295246539922567,0.7989923897724006,0.3033572837518012)
(0.21879095189988298,0.7925771160947952,0.3439802064228294)
(0.18695444720611956,0.8060709057293106,0.2939272798221294)
(0.20899925096331678,0.8185930424957458,0.32858582525604374)
(0.21777125990561996,0.7964392287196027,0.34237706031633586)
(0.24082702457214483,0.792413465578272,0.3786250249618594)
(0.19694749359073213,0.7991349041931112,0.3096382136076585)
(0.1961281816303528,0.8109728223233512,0.3083501023086824)
(0.19436692640176267,0.7912139617190888,0.30558108040977433)
(0.17907449095004144,0.8003973390949114,0.281538518056474)
(0.18165600339678514,0.7998511872503133,0.28559713737598014)
(0.1806861435276373,0.8005971321158455,0.28407233666967235)
(0.2201691721401306,0.7999593400417778,0.34614702583935364)
(0.19816927169065485,0.7830120822178251,0.31155907678488265)
(0.18392961636074068,0.8181352851049892,0.28917168124937087)
(0.20596396418731475,0.8044060584657021,0.32381378800909477)
(0.20294009431804275,0.8063035194306037,0.3190597002701104)
(0.20319573400376817,0.7873318773869519,0.31946161356269454)
(0.19045303260131555,0.8063687527707482,0.29942770895769116)
(0.18326161329486207,0.8048337450267817,0.2881214557693101)
(0.19966182771960858,0.8138251434914581,0.3139056533982157)
(0.17756027413263986,0.7915402854813685,0.279157886641437)
(0.2056720906414474,0.8023430240405096,0.32335490832652564)
(0.19155141154921124,0.792085429927318,0.30115456563959153)
(0.20855808533084602,0.8003294944131124,0.3278922305529438)
(0.1887794600918913,0.7938637655138991,0.2967965406563679)
(0.20118344897736173,0.8034614169510441,0.31629792597527734)
(0.19566958187167455,0.7990692364853026,0.30762909790568593)
(0.19058914180515657,0.8108012093618967,0.29964169802637397)
(0.2063509912071281,0.7910870894450295,0.3244222667099303)
(0.201534674527818,0.8111307706512959,0.31685011808513297)
(0.20742718128434942,0.7860322336678907,0.32611423834631764)
(0.21172061794826352,0.7968269841530511,0.33286432200879157)
(0.21314012418438993,0.8162591704125844,0.33509605071549187)
(0.22094393171900892,0.7995554070518472,0.3473650924803936)
(0.19550157027289208,0.7872475196377829,0.30736495231863686)
(0.19849829268965483,0.7941107621456821,0.3120763591961098)
(0.17408082429046345,0.7988650269173803,0.273687542166235)
(0.1871756083028428,0.8109678497322156,0.29427498633852306)
(0.18567657831143763,0.8089226340274689,0.2919182314480671)
(0.17686380850878414,0.8053986999948964,0.27806291270864875)
(0.19971939457357066,0.7989402514079993,0.313996159235578)
(0.2063394459853932,0.7790945415550085,0.32440411546683234)
(0.1621683356751239,0.7992036152672276,0.254958886994109)
(0.19254688651464463,0.8099606032350559,0.3027196380574639)
(0.19091845023830148,0.7987530757467654,0.30015943233771697)
(0.20314343594478196,0.7987830065079442,0.3193793912542792)
(0.18829872744749007,0.8113002291651673,0.2960407392266497)
(0.20366278932923354,0.782905196199268,0.32019591169462996)
(0.20857667752413223,0.7971149876404149,0.3279214609504027)
(0.2365325584395615,0.796498824989304,0.3718733227825215)
(0.21829668213642528,0.7996461269081985,0.34320312211570253)
(0.17754309839085466,0.8055624916852955,0.2791308831700711)
(0.21840435651235954,0.7980983112157012,0.34337240632850335)
(0.24556603339712527,0.8054960060090098,0.38607563121271715)
(0.2363357766168786,0.8064706649112436,0.37156394503449786)
(0.20292120556324314,0.8044064747106364,0.31903000362260914)
(0.1839435233290872,0.7938014988433155,0.28919354559888355)
(0.19841397042816186,0.7964977608657116,0.31194378886510427)
(0.1622154541751803,0.8106413738377385,0.25503296606929465)
(0.1841507561636669,0.808234817612002,0.28951935428794184)
(0.18516043344116495,0.78340133944892,0.2911067553907678)
(0.1841615046599729,0.7945850807494937,0.2895362529299833)
(0.18632592400396902,0.797136518392938,0.29293912405544936)
(0.18025089887469659,0.8052296338447148,0.2833880508513471)
(0.21033684987742057,0.8057886170770948,0.3306887803672538)
(0.1890087659968941,0.7948884009533376,0.2971570523313339)
(0.2097953973577219,0.8090537828907178,0.3298375159622279)
(0.19622231717215743,0.8105216958161362,0.3084981009476595)
(0.20579358809678658,0.8109626338031616,0.3235459249997679)
(0.2004599859222219,0.7934645483291115,0.31516050704234005)
(0.21071177793668722,0.800700770645725,0.3312782372442423)
(0.20882018971956295,0.8077732849520778,0.32830430756505186)
(0.17257189930187541,0.803909210009433,0.2713152304936362)
(0.17728002659816894,0.7925092326392777,0.27871728521839045)
(0.2107139083348593,0.7867402563115804,0.33128158662773666)
(0.2106125003486778,0.8058852497504652,0.33112215434903985)
(0.2055687446463098,0.7963860761840835,0.32319242913608515)
(0.20441525456271484,0.8010658835276893,0.3213789274642096)
(0.21837542645186392,0.7989188341373903,0.343326922874573)
(0.2000692870689636,0.7829686660216854,0.3145462555341038)
(0.19303059275764317,0.7958005426208961,0.3034801145391)
(0.21565406907524465,0.8038485590993926,0.33904844122790906)
(0.17366072889955445,0.7968283476705541,0.27302707381492813)
(0.18784437354677813,0.8051203989592669,0.2953264101047241)
(0.18184255539701707,0.8040202969628436,0.28589043193405556)
(0.19928716598207633,0.7851475011950969,0.3133166152286937)
(0.24994992823546866,0.7916247548600633,0.3929679320063961)
(0.18533216623614543,0.8034064844275061,0.2913767513926773)
(0.21343102443570233,0.802436542552076,0.33555340019738766)
(0.19688819189998008,0.793333313280282,0.30954498028311295)
(0.20987137230316394,0.8064473366986957,0.3299569627546532)
(0.22187206932100817,0.7903262859149772,0.34882429799667375)
(0.2218621266707312,0.7890824361518044,0.3488086662949742)
(0.2350649769894771,0.7954646647073073,0.3695660108678434)
(0.15926432975790755,0.8054945732797364,0.25039324775636623)
(0.19857338160821186,0.8066520782384037,0.31219441298892453)
(0.20300255616816879,0.7971701959471595,0.3191579019549302)
(0.20589668502431507,0.8182205142198444,0.32370801260944676)
(0.16395470459132835,0.7989250866953242,0.25776739229657925)
(0.21446787339952217,0.8011606855633779,0.33718352026180076)
(0.2069234809807487,0.787219761715578,0.3253223274701901)
(0.19808788513034253,0.7936697703567271,0.3114311219239838)
(0.18444937032128988,0.8069646684100223,0.28998883147010124)
(0.2091156581474501,0.8083245144526732,0.32876883907302096)
(0.19177516062652003,0.7928023772061588,0.30150634094442597)
(0.20109906218654086,0.8081703758432842,0.31616525419212604)
(0.17008269406871554,0.7992722689720613,0.26740173533994754)
(0.2152640187311234,0.8028889465790343,0.3384352092970589)
(0.18580416839162836,0.800235636275965,0.29211882686456125)
(0.18849689343887108,0.8029712960682807,0.29635229314617567)
(0.20496917376998083,0.7999361418523142,0.32224979182858293)
(0.17162537843060957,0.7983609351017168,0.2698271230474447)
(0.19545706848330424,0.8219248756428872,0.30729498720062953)
(0.22377089152554422,0.7990352663669166,0.3518096008540581)
(0.18821180584799235,0.8065980106299844,0.2959040822512209)
(0.2118225247252985,0.7953779520144326,0.3330245384797927)
(0.20919640435942574,0.7935892315953851,0.32889578718683493)
(0.1776468014995665,0.7936486509150009,0.2792939238096937)
(0.1959429561122291,0.7995876861398358,0.30805889322802477)
(0.21823269548315297,0.8007518093484921,0.34310252315578305)
(0.1912834881178137,0.7991395172324085,0.3007333400064593)
(0.21926703039665374,0.8020076903936131,0.3447286906639309)
(0.17956130723280272,0.8057708988512509,0.28230388410100243)
(0.20863081999652472,0.8063778547708343,0.328006583020891)
(0.1671511215239817,0.8150812912372055,0.2627927562193554)
(0.20165614815604252,0.804162822394905,0.3170410972977044)
(0.2391557598249774,0.801435246348686,0.3759974848934707)
(0.21648482636153327,0.8004627941184995,0.34035454671510307)
(0.21188816340945704,0.7964538027340083,0.3331277347405618)
(0.19636522927187836,0.8119186425587053,0.3087227854381992)
(0.1610857923051367,0.7972698983054928,0.2532569267958634)
(0.2378516948509414,0.792581920058057,0.37394725139403906)
(0.1996446611936489,0.7997710450406565,0.3138786644158474)
(0.21919111883365194,0.8089894757883129,0.3446093435205299)
(0.20616376079008963,0.8132388586573535,0.32412790555403115)
(0.2114445753634542,0.7935444248853171,0.33243033155132673)
(0.2094631202216124,0.8055720229168051,0.3293151142958151)
(0.242306574834424,0.7916286758667781,0.3809511540828874)
(0.23723803834482962,0.801734680470385,0.3729824688479051)
(0.1990307821126461,0.7977526128942802,0.3129135319404486)
(0.21449281518379756,0.799935146274847,0.3372227334012341)
(0.20340570297151675,0.7960980419052334,0.3197917239637023)
(0.21311442119138463,0.8050676412751501,0.3350556408138809)
(0.18905103036640164,0.8092402716139127,0.2972234998074351)
(0.18922399786253707,0.7994546090353268,0.2974954369899761)
(0.17456417993534312,0.8007212473110359,0.2744474674422008)
(0.22010195647524133,0.7821286676722374,0.34604135027058497)
(0.1795999143536341,0.7817513972631106,0.2823645816996812)
(0.18003442818674806,0.8062157698586799,0.2830477185328557)
(0.22284613214803908,0.8120034162590147,0.3503557065371157)
(0.20355623882976795,0.7943058427817175,0.32002839442537195)
(0.18391379257547472,0.8202431068066578,0.28914680330595083)
(0.1746668194658535,0.7988126297998366,0.27460883593840923)
(0.17910109529408594,0.7974903509492055,0.28158034505012575)
(0.19473652672587025,0.8112856724937639,0.30616216109284866)
(0.18939297523887846,0.8009684698249511,0.297761100959578)
(0.20148097418717578,0.7982668843079015,0.3167656911282653)
(0.22948318059538,0.8194859697796909,0.3607903852801349)
(0.18431620387293818,0.8035256226869654,0.2897794689622148)
(0.22929901703668462,0.7979985894920677,0.36050084579787794)
(0.1939130276567933,0.8089944053527365,0.3048674668776157)
(0.2057034401965711,0.7971267192830354,0.3234041956775293)
(0.1757905770939144,0.7791219567026499,0.2763755926416138)
(0.193108103893449,0.796170515391152,0.3036019765094559)
(0.20894041850326123,0.8006192730075499,0.32849332964971933)
(0.1948714832251649,0.8095332509397585,0.3063743378948707)
(0.19615388260342886,0.792766345209845,0.30839050903458765)
(0.16922925502224953,0.8001492013995195,0.26605996989296044)
(0.23270554296738918,0.7840102707734116,0.3658565402754296)
(0.18255198085315438,0.8200678830325101,0.28700578114171105)
(0.21277798652307492,0.8012460263196833,0.33452670273098467)
(0.19377147751216459,0.8018284514897899,0.3046449236346444)
(0.20265312064710594,0.7911603695276045,0.31860852410533036)
(0.1602273191599934,0.7825547015975399,0.25190724680630894)
(0.18997643627121757,0.8026619314705364,0.2986784105859629)
(0.21786049559028256,0.8016782907030113,0.3425173554654907)
(0.19806949699412688,0.7906672277641053,0.3114022123423203)
(0.18781101692267593,0.7936797212918354,0.2952739672667338)
(0.20291342848349514,0.8039013246260743,0.3190177766019126)
(0.19462004551357434,0.7944197239829518,0.30597903088978495)
(0.18810724270908435,0.7880401026489802,0.295739689483634)
(0.22653727556392322,0.7966233844783706,0.3561588728157335)
(0.20567011208778002,0.7873264651329471,0.3233517976709295)
(0.20806267410301477,0.790477965585048,0.3271133516508055)
(0.22464293270444521,0.8180131230838243,0.35318061232470077)
(0.18142356476428162,0.8006830299038282,0.28523170046876384)
(0.21344184947823022,0.8033872354600053,0.33557041918437475)
(0.18660158659516082,0.800064961682297,0.2933725170920344)
(0.1976672436537157,0.7899472842057652,0.3107697950240199)
(0.22293764808257133,0.8090362256352708,0.3504995866645982)
(0.21131486052798046,0.801890424415113,0.3322263956230129)
(0.2120202254238778,0.7836242874847288,0.333335360872203)
(0.20525554292474424,0.8085159210421783,0.32270001758112554)
(0.1992321525407199,0.7999190072064424,0.31323012383245685)
(0.1870403991434277,0.8030484845389434,0.2940624123076411)
(0.1821523955897235,0.7850067586093401,0.28637755853833124)
(0.16624539258362753,0.8003695212260622,0.2613687813010109)
(0.17767341156617722,0.8046030655935983,0.27933575980028746)
(0.1829459974883105,0.8192556282067618,0.28762524882224405)
(0.1793453506247211,0.7895195576143821,0.28196436001199765)
(0.1942386960658046,0.7889920428905575,0.3053794783917315)
(0.22398531623854767,0.8084961832687428,0.35214671651812285)
(0.1889552821339249,0.7886818593477207,0.29707296571776654)
(0.20256287229088252,0.7881818364839993,0.31846663684750054)
(0.20803843647037426,0.7931602158719577,0.32707524556914863)
(0.18666281511598032,0.797864748913806,0.29346877975302454)
(0.21655185638057795,0.7850075152264029,0.3404599304139594)
(0.16383752366242507,0.8015389709689231,0.25758316200842996)
(0.22868795954889096,0.7917303378330015,0.35954014939356016)
(0.20020791239160024,0.7979380411712222,0.314764200411083)
(0.1976901507491889,0.8025421224936242,0.31080580925294937)
(0.1767944839722638,0.8244201032044554,0.2779539216001255)
(0.19998965700353563,0.7954176127119518,0.31442106221095434)
(0.1882794856034233,0.8008933037579683,0.29601048745692815)
(0.1996616005516623,0.8161952378581447,0.3139052962478108)
(0.18370274012654011,0.7874454885382265,0.28881498947032297)
(0.21135933948120833,0.8046527274689179,0.33229632483800076)
(0.20845018789836023,0.7829344147779598,0.32772259565361794)
(0.18914980710001983,0.7891725211292249,0.2973787952660668)
(0.20386280055715658,0.7986593347335637,0.3205103666703519)
(0.22314278252870332,0.803661258251157,0.35082209629542244)
(0.2012971451652955,0.8051495137138559,0.31647667760031184)
(0.19198593543144607,0.8005505949291573,0.30183771827185935)
(0.2134232610754054,0.7952040699724677,0.3355411947462285)
(0.20901374015953395,0.8060586374295313,0.3286086049764225)
(0.211918469676599,0.8269587585668413,0.33317538184816325)
(0.2545603134758387,0.8048450547742407,0.4002163179789428)
(0.17289463900315352,0.7877216105093546,0.2718226375326498)
(0.18234469442817383,0.8058716257469725,0.28667988819854173)
(0.2110529010070648,0.8123106393707227,0.33181454637012325)
(0.1790942446036812,0.791914565019941,0.28156957448635656)
(0.21992590176283844,0.8053337864374824,0.3457645594079456)
(0.20448502457372703,0.8058110917451939,0.321488618941767)
(0.20116336858376943,0.7941024905268533,0.31626635584921425)
(0.21818138460450048,0.7981144456182037,0.34302185287907666)
(0.1754662190917192,0.8258567410520983,0.2758656413315566)
(0.21234077163222648,0.7978341378643374,0.3338393193309892)
(0.18473803028220678,0.7983130821071003,0.29044265879741976)
(0.2020760582410963,0.7949292753650609,0.31770127431362566)
(0.1753705716232491,0.8171407334786743,0.27571526566171073)
(0.18926224433531944,0.8055349162812246,0.29755556758261886)
(0.2130656628984228,0.8022816533269959,0.3349789836782352)
(0.18549703412126317,0.8021254882594164,0.29163595447517615)
(0.19910495434048264,0.802528952346867,0.3130301445243809)
(0.1850247256791139,0.7976384141067071,0.2908933974634946)
(0.19748328780820323,0.7853982536127586,0.3104805821056492)
(0.1878770732411889,0.7923162131359767,0.29537782012664554)
(0.20784587379420694,0.8046506175894902,0.32677250110681055)
(0.18514783044179087,0.7991967558188702,0.2910869411238221)
(0.23192799384057108,0.7957632458030823,0.3646340879444522)
(0.2107117531191097,0.8149814937179153,0.3312781982263791)
(0.2246580287369273,0.7940537350535586,0.3532043461049338)
(0.20216869809143306,0.8121494649766523,0.3178469214464943)
(0.17657944948410145,0.8047786056837062,0.27761584725571675)
(0.20784844949834336,0.7965896149170489,0.32677655059438226)
(0.21678978678173721,0.7893236569658584,0.34083400140635806)
(0.18041161374866518,0.8232666063721249,0.2836407246252984)
(0.19380395415793786,0.8120666509585683,0.30469598298248307)
(0.17071636717452668,0.7920318113249408,0.26839798771623985)
(0.2084989552941872,0.7936909419986485,0.3277992671006663)
(0.17830220066551689,0.8064669450141805,0.2803243336069696)
(0.24374529932970346,0.7940961940763054,0.38321309747942356)
(0.21658578940847437,0.8022766620475353,0.34051327946628085)
(0.21938343868812804,0.8137128703327471,0.34491170622185485)
(0.17726232038490147,0.7893081907320029,0.27868944774685966)
(0.21163443990751657,0.8049991329053169,0.3327288340464794)
(0.20480871937264922,0.796855395056348,0.32199752757251426)
(0.18671278757572773,0.8095161619812419,0.2935473457854409)
(0.1924611866426305,0.8030380919384433,0.30258490186563397)
(0.21521333383459615,0.8064222646764087,0.33835552318107204)
(0.19336579709412519,0.8117497053057007,0.3040071183107627)
(0.18688380063860854,0.7883203762331058,0.29381621023417576)
(0.20009637152859577,0.8040433267777249,0.3145888373590569)
(0.18874909395104617,0.808974211614645,0.2967487994161316)
(0.2241368225005975,0.8012419664716903,0.3523849126356574)
(0.2360432745175712,0.7945702191596273,0.3711040771486225)
(0.19909688169753512,0.8022426359901733,0.3130174528231777)
(0.2141644551981654,0.8025036426204473,0.3367064902263773)
(0.18350299760901956,0.807435952194378,0.2885009569574996)
(0.23032475719838338,0.7804183086505919,0.36211350075226917)
(0.1956249443295107,0.8040239115493604,0.3075589193592954)
(0.18996302593432335,0.8129376949406234,0.2986573270337729)
(0.19146600711115533,0.8015802187425811,0.30102029392507684)
(0.21770272841737917,0.8046350597644962,0.34226931602770405)
(0.20052067461011333,0.8064689029010897,0.3152559209852255)
