(0.1209972290310759,0.789881427063948,0.18923176617340368)
(0.24414772093878123,0.7241446188644309,0.3818310948971494)
(0.27965517539260204,0.7187142454059573,0.4373624353453882)
(0.3002396874508237,0.7914661768975831,0.46955526822087984)
(0.3126164494557803,0.770545777131356,0.48891171590534954)
(0.24151003249063774,0.7718553997171608,0.37770592238159384)
(0.2465750516147123,0.800770377582947,0.385627281591436)
(0.1922736840567805,0.7634636574860796,0.30070348812192177)
(0.2261608611456843,0.7777247390495818,0.3537008205609748)
(0.2660330923316398,0.7887209392213229,0.41605838683759433)
(0.10509986935908538,0.8598238581914929,0.16436933360106779)
(0.23126469342257913,0.7529500560518119,0.361682881007678)
(0.22149289256653937,0.7474228344694788,0.34640042247957176)
(0.1154923243327419,0.8356444294932992,0.18062245464599283)
(0.1367634835509659,0.8574761769367589,0.21388915884784207)
(0.21027647804678365,0.8716190083108806,0.3288586825016979)
(0.23029057862111393,0.7716132882860446,0.3601594290591249)
(0.20865211995466124,0.8281626401309514,0.32631829250159766)
(0.21603505894565403,0.7585388269897311,0.3378647270439725)
(0.22205370862246465,0.841236162318859,0.34727750217479264)
(0.22273103788335416,0.8085865787010358,0.34833680091531277)
(0.24406369319219587,0.7263618673692664,0.38169968098774626)
(0.18546267050442597,0.8215740465853508,0.2900515076239881)
(0.17387840986188013,0.8553240106671649,0.2719344803271151)
(0.15438484243095335,0.8264333028461276,0.24144781361983692)
(0.09390091356405822,0.8221476443176722,0.14685489792877163)
(0.19342354091131192,0.8373467520117708,0.3025017891670944)
(0.10082761966773945,0.8274025532660687,0.15768781402329685)
(0.18485048587732428,0.7868956433183394,0.2890940908373532)
(0.19762616882032694,0.8220108994856942,0.30907442482297626)
(0.14240668828921768,0.8370701645040579,0.22271476260793513)
(0.18617611468720213,0.837803902562607,0.2911672877443593)
(0.1749668159556779,0.8168226641865814,0.2736366763946825)
(0.23929216065011566,0.7930331233172971,0.37423731563010815)
(0.12254271741516265,0.8425385179560144,0.19164880909961898)
(0.13388844564826294,0.8389864802981309,0.2093927872821409)
(0.15978627048009758,0.8226005019231941,0.24989529442400982)
(0.13801079398303334,0.8343123738473718,0.21583987092543858)
(0.13274848500163258,0.7579963076438754,0.20760996325999215)
(0.23103226201141733,0.7797050824133455,0.36131937345630233)
(0.10046783613635447,0.80385189376153,0.1571251360708406)
(0.21997892351333806,0.7212050996226627,0.34403267372893237)
(0.18630684308583953,0.7701977743596854,0.2913717384244391)
(0.16957741756004954,0.820220118462946,0.2652080091831802)
(0.16406264403908138,0.7991102620578461,0.25658326346151494)
(0.21718055831205665,0.7610132828478892,0.3396562132622165)
(0.15582430974511305,0.839455970165644,0.24369904651490898)
(0.12413098345047262,0.7711230836212811,0.19413275347935138)
(0.26476723810647523,0.7428201308169838,0.4140786734783369)
(0.19171974182222587,0.8032632894318734,0.2998371586345259)
(0.18416660681286842,0.8102386058161071,0.2880245486316986)
(0.06609053840193982,0.9066104170891399,0.10336128694268021)
(0.1868444347622577,0.8644899124765518,0.292212496706454)
(0.17381380513478,0.779006702403863,0.27183344275203836)
(0.37753773534911367,0.8112207843868946,0.5904443682662456)
(0.20715644743785808,0.7520716717574215,0.32397915833928564)
(0.1882939026075697,0.7852791364621112,0.2944793697793035)
(0.22542458494251238,0.7509152547413729,0.35254933265143035)
(0.17979666364980043,0.7109188000774181,0.2811902428426597)
(0.29091372839607804,0.7746451621705576,0.4549700771605365)
(0.12561137107479062,0.8118872735396152,0.19644798306778266)
(0.13706446327615204,0.8343466513316969,0.21435987148676316)
(0.12179369225945394,0.8143131062009331,0.19047738266069894)
(0.17666968677758968,0.8120360016021888,0.27629985517799793)
(0.21945968431257137,0.8087908150888745,0.34322061752058475)
(0.23976144974342334,0.7656447995052846,0.37497125313168284)
(0.15223825606413985,0.8494660411533856,0.2380906926949309)
(0.17316917279060945,0.78153707875371,0.27082527985445193)
(0.1250656287360889,0.8315532685206433,0.19559447768212126)
(0.2122154019640826,0.8246335515195428,0.3318910329140541)
(0.14950729063062063,0.8415512435371649,0.23381964106439623)
(0.3688149715429856,0.7495599246053662,0.5768025351915136)
(0.20048899328552516,0.6947222571476489,0.31355169536984767)
(0.2115871626295855,0.8707578230267594,0.3309085076132808)
(0.22160411390347545,0.8288076378484125,0.3465743653887865)
(0.18535848276613545,0.8307015297567962,0.2898885648038243)
(0.2166704246622946,0.7993154872588639,0.3388583975411295)
(0.22840268258194446,0.7614822180892961,0.3572068829165016)
(0.22745374604711208,0.8582609875817158,0.3557228081330478)
(0.16876511054875565,0.7883183876735628,0.2639376140538611)
(0.23144449296253067,0.8407376462608214,0.36196407574886874)
(0.17871806581963962,0.7964581923708753,0.27950338625902904)
(0.10858515983380355,0.7595833923781481,0.1698201003453944)
(0.22511915616126377,0.8004525058849338,0.3520716619793109)
(0.2499658197877129,0.7190478502197369,0.3909302216273328)
(0.20736483697284558,0.7840366227868762,0.324305065966043)
(0.15891956196728907,0.8128894707914686,0.24853981889825083)
(0.19642248537160473,0.8057152192786313,0.3071919424988819)
(0.1462830752109109,0.8535180988326415,0.228777178660249)
(0.16412054766506465,0.7859042126224537,0.25667382095196656)
(0.2368030467154475,0.8091709265776796,0.3703445039530481)
(0.14799379925260567,0.8716803814079254,0.23145263936656038)
(0.1360688278289467,0.8769253046159469,0.2128027626533772)
(0.2963450561187136,0.7615895662949193,0.4634643191018699)
(0.19622749021486294,0.755863239582602,0.3068869828051683)
(0.22276447091031032,0.7607566744398211,0.3483890879865962)
(0.21218438928053615,0.8411273116375558,0.3318425311018368)
(0.17934503491176793,0.8610899322586963,0.28048392498367297)
(0.1623530721594084,0.8073830938606655,0.25390960466137974)
(0.20607348629220043,0.7140857913863743,0.32228547781510325)
(0.2259061233828683,0.7353324279984782,0.3533024273320162)
(0.18090295261685643,0.809886986902459,0.2829204065564121)
(0.19468103500336836,0.8164647690741423,0.3044684278240123)
(0.24935760766223203,0.8341396511225142,0.3899790175738642)
(0.27098390929871563,0.7779842780331508,0.4238011413302646)
(0.15884607113021293,0.8625392609662111,0.24842488402735466)
(0.16958119368490945,0.7453362822016727,0.2652139147959141)
(0.15995956448593593,0.8493672117537386,0.25016631493460045)
(0.1640851537336143,0.7760056449224354,0.2566184671540837)
(0.1844860758801842,0.7882559158267521,0.28852417739452263)
(0.20100967822083352,0.8207849299292691,0.314366012612625)
(0.1461936692453028,0.8309032195229741,0.22863735356744364)
(0.19331841525875063,0.7651343910719198,0.3023373795102485)
(0.1645372880539924,0.805774981123504,0.25732557571084896)
(0.13019690363588998,0.8817296189123358,0.20361945659929326)
(0.1563895788525873,0.771046828587486,0.2445830904920082)
(0.2223377634878699,0.828932136186236,0.3477217454380576)
(0.23813968617147196,0.7513714423418233,0.37243492079173124)
(0.1956827698013851,0.7676270771611386,0.30603507564383453)
(0.18047010580553957,0.7969846215045577,0.2822434624045177)
(0.16649127274235914,0.778090676516416,0.26038148018582224)
(0.2390690303303765,0.8361089478834455,0.37388835437843987)
(0.16383574430868025,0.8012757258080444,0.25622840709767997)
(0.18614908292451218,0.7356435983428293,0.29112501183244327)
(0.30104818940511063,0.7511569585540916,0.470819712489476)
(0.14543270524906038,0.8090448959050194,0.2274472555614278)
(0.19267823491535627,0.8114682372907078,0.30133617925120043)
(0.18591864040170256,0.727392218681092,0.2907646147725939)
(0.17716038872988432,0.8445075693374343,0.2770672809929611)
(0.25604290170222094,0.7879537540140146,0.4004343809628119)
(0.20269524762702065,0.8234081436165163,0.317002133111374)
(0.16801796110326758,0.8368451372187884,0.2627691211032591)
(0.19739903227822067,0.7884882577618769,0.3087191981010961)
(0.215496208269847,0.8452595884857386,0.3370219997691148)
(0.2520353056931864,0.7941893936276204,0.39416676246467)
(0.19240728847792257,0.7607042185052534,0.3009124367134205)
(0.2735976147359582,0.7824134012692694,0.42788880598264606)
(0.2353235244246232,0.7172062988180964,0.3680306276897024)
(0.17747498459400338,0.7638545888124894,0.2775592883841618)
(0.18521671323189418,0.7516631731224049,0.28966684650854696)
(0.22380446070094456,0.7720844952040222,0.35001556411716506)
(0.2593978184437807,0.7747641037454516,0.4056812517007114)
(0.24453526326662156,0.7819872560090819,0.38243718579486197)
(0.19238574036113398,0.8702092003000991,0.3008787368656614)
(0.17318130381659927,0.7714064310119048,0.2708442519870531)
(0.20180132781792365,0.8354857750794424,0.3156041008948728)
(0.1965882919126509,0.8739760331698151,0.3074512531034017)
(0.2019516763843395,0.7779047539173113,0.3158392362363376)
(0.13665993820091124,0.7684063251154077,0.21372722068093697)
(0.20083663463643842,0.8019751515557009,0.3140953837448213)
(0.2153509109920277,0.7815151203525439,0.33679476431321126)
(0.14984029125975443,0.8370788526673646,0.23434043230641433)
(0.13774125140218818,0.8213946435217477,0.21541832392770388)
(0.22184227645299548,0.785474677670958,0.34694683606636256)
(0.16572303998467142,0.8042690688621472,0.2591800143114907)
(0.17617289394379496,0.8518923429719162,0.2755229036220485)
(0.20356155075325486,0.8021163103307406,0.31835697463899887)
(0.21056609420886044,0.8493979199228466,0.3293116232698545)
(0.14597940347069358,0.8418560035041907,0.22830225588558348)
(0.18866222270001165,0.8616303369639089,0.2950553983558921)
(0.15005781256013534,0.8319212048779427,0.23468062141802484)
(0.23371211690535257,0.7961846593163748,0.3655104915399864)
(0.2788816222943773,0.8052153679811225,0.4361526488058272)
(0.22984518160575196,0.7803159851373419,0.3594628572075194)
(0.16066869715316665,0.7994422875649808,0.25127535212616176)
(0.2742928562858838,0.8544186958061804,0.42897611837370725)
(0.16735949611625134,0.8521161241359851,0.2617393248554093)
(0.13617066896113655,0.8127294158042894,0.21296203553481183)
(0.17527180667137743,0.7338826206872133,0.2741136619608849)
(0.24581817977228537,0.7722284436351275,0.38444358344680674)
(0.15429612859155933,0.8396198446227401,0.2413090709672408)
(0.16039851583074877,0.7615611457591389,0.2508528061783114)
(0.1700520687195504,0.8187551807342286,0.2659503326061863)
(0.18334857060206955,0.7716632715943906,0.2867451934084189)
(0.1961593401763888,0.8083376388699092,0.30678040059457956)
(0.364240882012094,0.7125606424837496,0.5696489578121209)
(0.1697268162622001,0.8263658327221107,0.2654416589989516)
(0.20329495550269447,0.7634653900638785,0.3179400370733954)
(0.24449335775746714,0.8766382299648945,0.38237164831459747)
(0.1872350899639892,0.8582848426611771,0.29282345593568965)
(0.3210720197143652,0.8035200223441687,0.5021356757170604)
(0.22929119067551532,0.850536218848518,0.35859645156325626)
(0.20268233347100745,0.7999732558628736,0.3169819362145476)
(0.20310694517664374,0.8429501719772369,0.317646001198836)
(0.18930589511724014,0.8369904599393244,0.29606205999041574)
(0.15793849645835162,0.8160323330554058,0.24700549649702988)
(0.18103099265343844,0.7526799764165689,0.28312065281376314)
(0.23925058876964264,0.7935713602008063,0.37417229992331835)
(0.16929092835493872,0.8323883829208083,0.2647599587715562)
(0.10429212950693957,0.7777539572474381,0.16310608121046188)
(0.23136227692637643,0.8256881870045727,0.3618354952362915)
(0.1535776146120298,0.8206984006615478,0.24018536201575946)
(0.18228019410664528,0.8147114497426691,0.285074322324955)
(0.24289238025193446,0.8314084324834481,0.37986782402538144)
(0.20884557954652722,0.811424540657477,0.32662085067210406)
(0.2680776199999904,0.7636125665696702,0.4192558946216198)
(0.15360312904014975,0.8789370901516572,0.24022526491547633)
(0.20812051735003262,0.8546975592084785,0.32548690073682907)
(0.21192651775478027,0.8525457983799445,0.3314392368722468)
(0.1977938021596262,0.8072784561976766,0.3093365924206904)
(0.18838138156758194,0.7532346107291262,0.29461618116117305)
(0.2518814812009254,0.7806923763104198,0.39392619100213017)
(0.19203012803521782,0.8294479560161069,0.30032258240621623)
(0.23608241207558936,0.8078000855288472,0.36921747842727287)
(0.18568210266811677,0.8502858963628147,0.2903946852010531)
(0.14580890902420823,0.8343027805885248,0.22803561370303488)
(0.14531204529009958,0.8344556710944827,0.22725855126362363)
(0.11425915965757708,0.7746917208882951,0.17869386560860126)
(0.15713466475541646,0.7545536102441426,0.24574835619662241)
(0.23247530381965914,0.7962152923546334,0.36357619662673646)
(0.23089713682127982,0.672844278521601,0.3611080464813873)
(0.22037910645618858,0.7804697828360988,0.3446585337232024)
(0.2732167194086152,0.8289724508821879,0.42729311055972197)
(0.16267560386070412,0.8036758729322255,0.254414023183786)
(0.17092155411792057,0.8725884605871326,0.26731015099965805)
(0.19202961758580253,0.8208786784821052,0.30032178409665844)
(0.25559800877524946,0.8030512205050211,0.39973859747253676)
(0.25439784848416447,0.8274330373958518,0.3978616251369565)
(0.21780015203897493,0.7804524626851573,0.3406252173972169)
(0.15349056907794334,0.8268252753634503,0.24004922848373902)
(0.13515334564796552,0.7660121937773434,0.21137100829507818)
(0.23851082207282914,0.7851932217531985,0.3730153531096163)
(0.19034359423653627,0.8033956484197707,0.2976849536605721)
(0.20224838992116417,0.8105849636662149,0.3163032768352051)
(0.1689992720474287,0.776926662288276,0.2643038273491452)
(0.2945975508097945,0.7200024370763802,0.46073133489510576)
(0.16324454044082237,0.8079563973911013,0.2553038028486474)
(0.2341940040998632,0.7285210043349745,0.3662641316492998)
(0.29630260984689716,0.7121964364351735,0.46339793590410894)
(0.20611717419564202,0.8147599777804498,0.3223538028436586)
(0.26090065417621394,0.8783126149378928,0.40803158866457534)
(0.2069976376305986,0.7857224580982792,0.32373079016958445)
(0.15928402978632397,0.8118354892699196,0.24910982277074967)
(0.19959232592642542,0.8040383172774074,0.3121493661645325)
(0.14051502474066732,0.8737710412849652,0.2197563243266246)
(0.1959171555475682,0.7987249781872169,0.306401639647583)
(0.20223558185360466,0.7615220699210603,0.31628324585379364)
(0.32012361130889316,0.7497513377335969,0.5006524268934441)
(0.1917340465452922,0.7998750934255888,0.29985953028743184)
(0.27141235282326376,0.7825250893973122,0.4244711990291477)
(0.22279286907628446,0.7721129563916619,0.3484335008640348)
(0.24440474349048816,0.8028583203279355,0.3822330613867572)
(0.19250237832542688,0.7799893002261851,0.3010611510264051)
(0.17280320205579475,0.8564977070540993,0.27025292551980035)
(0.14173578493933495,0.8390553997583954,0.22166551357267533)
(0.20207542288917024,0.7972392947770861,0.31603276769035865)
(0.16469859248541513,0.7973022975979873,0.257577845309865)
(0.15478008451023037,0.8511469338003889,0.24206594642607193)
(0.25094235838242407,0.8231182887425831,0.39245746423027067)
(0.27170319787244906,0.7791107377363845,0.42492606169650676)
(0.23629189850317495,0.8209658930333513,0.3695451015224364)
(0.2128975316868082,0.8245970125609605,0.3329578392634589)
(0.21038862174294623,0.7736441823682808,0.3290340679205211)
(0.1979271952380361,0.7657033602457599,0.30954521048595474)
(0.3050230977664423,0.7735187016966918,0.4770362096408202)
(0.17943024175231834,0.8135141296120305,0.2806171829190532)
(0.16982579419988203,0.8753328048879433,0.2655964540311167)
(0.2762806452227696,0.7566128435693761,0.4320848904862508)
(0.22929432102109565,0.8103400928517049,0.3586013472193605)
(0.20235111117420573,0.8227267165645605,0.3164639261681878)
(0.21667561268597674,0.8172994251322115,0.338866511271437)
(0.17853836696802514,0.7779304592863674,0.2792223489878234)
(0.18563552172758382,0.8013480639862666,0.2903218356513762)
(0.21980620260646042,0.7815872945661189,0.3437625495076981)
(0.1861510280851266,0.7901521105843127,0.2911280539366427)
(0.18216888564389705,0.789353972631958,0.28490024315665863)
(0.17313566953593604,0.7573271566377877,0.270772882951604)
(0.18004968479093839,0.8517782836186729,0.2815859513873938)
(0.19547114278208502,0.756148866744165,0.3057041048029909)
(0.19516895086005043,0.8007591387561432,0.30523149636734437)
(0.275674085493561,0.8052606527832153,0.4311362706726654)
(0.21014599085317387,0.8185923326677191,0.3286546090505328)
(0.22831219331260286,0.7906992885818842,0.35706536360738705)
(0.29209462706559186,0.7797528189202221,0.4568169255775901)
(0.15245206977353531,0.8068899159774098,0.23842508337631255)
(0.1933442769859759,0.8038785396049873,0.30237782556309056)
(0.18800231784408797,0.7880405134156128,0.29402335024708154)
(0.275766884636015,0.8031224331237184,0.43128140247251384)
(0.19587025539762903,0.7638362568025395,0.3063282908752362)
(0.2537673657363583,0.7331262688349275,0.3968755912842425)
(0.16842152181507902,0.793239443225748,0.2634002637076461)
(0.17759588509665183,0.7929504077747905,0.27774836887658816)
(0.15211511940053785,0.8320284034209815,0.23789811499277444)
(0.23198611790597723,0.7547928718809703,0.36281114179718)
(0.22350558497148088,0.8013565940273768,0.34954814199018186)
(0.2772924581184038,0.7488516294037378,0.43366729979273755)
(0.2025950022934775,0.7660978357347124,0.3168453559548315)
(0.20461934622454686,0.7990758191080102,0.32001129769156567)
(0.10250259161671932,0.7673321974571177,0.16030736079089236)
(0.19005310478515325,0.8311016777502652,0.2972306471249585)
(0.1705502953141471,0.7752223991812169,0.2667295264704183)
(0.18969600441591977,0.8120822231033141,0.29667216546292086)
(0.19139273251769226,0.8206433992166787,0.2993257374330029)
(0.19947320986120515,0.8133192728095611,0.3119630764157361)
(0.215948423231632,0.746639826388972,0.33772923444377523)
(0.18350574962173902,0.8283833220604881,0.2869910111328052)
(0.14236137801119741,0.8034467598589071,0.2226439002914652)
(0.157256438138285,0.8494178020873963,0.24593880181672176)
(0.13803975639867477,0.7801590427848857,0.21588516625251644)
(0.14906164958822474,0.807536780264299,0.23312268757044247)
