(0.504132526969302,0.5001085905972443)
(0.5032755752663287,0.5013067973657769)
(0.4998636792496818,0.5009219225393815)
(0.4829181176959541,0.5004353293585314)
(0.5031621787523326,0.4997310389028202)
(0.49387570542285597,0.5018307220995152)
(0.5053569511911956,0.4998995107013787)
(0.4940727189444852,0.5012372407606286)
(0.5071410716497596,0.4986442731959172)
(0.48219549691406655,0.5012058907779783)
(0.5065656141387888,0.5008090737018056)
(0.5002623123809299,0.5001263247512018)
(0.48939886893091683,0.5000800772521167)
(0.5128929328709196,0.5010915158733464)
(0.5076110112652464,0.4996753897103107)
(0.490611693149637,0.49910156312531534)
(0.5053837435818218,0.4998117325196463)
(0.48510215954241925,0.5002028445313926)
(0.4918221717166783,0.5007104324059252)
(0.4837749794070951,0.5007483655931343)
(0.49165395308955506,0.49909832906996365)
(0.4882224640679493,0.5016907917275579)
(0.5040642289279006,0.49982397367010944)
(0.5244732946077157,0.4992609265220758)
(0.4885214686271925,0.4998622329390242)
(0.5112911626198572,0.4997688363406671)
(0.5003473855709132,0.5010020783313025)
(0.5051355478863419,0.5009641565909118)
(0.48960409779926567,0.4989828245744693)
(0.49025530281660656,0.49878558251659816)
(0.5133310456677939,0.500873669398531)
(0.5008136145610131,0.4988261660054495)
(0.5048213880601917,0.4983920565849203)
(0.5058071896643513,0.49884105855920147)
(0.5020859843582804,0.4998452092761088)
(0.5022987357569203,0.5009262512200723)
(0.4847757287750505,0.4998274571235909)
(0.4890068869563803,0.5008224012324364)
(0.48360283537912385,0.4999545861351224)
(0.49938242535288185,0.5004789464059612)
(0.5025689086667596,0.4995666246289192)
(0.49492665371708405,0.5006954325979968)
(0.5032328091664785,0.49967382086633444)
(0.5101455897516406,0.5005443205774143)
(0.49947734531319377,0.5010267170712291)
(0.48097358966140696,0.49935499285467677)
(0.47946157941007417,0.4997202377337581)
(0.5016203629597998,0.49872833293951113)
(0.492697162202374,0.5004752257906115)
(0.4949828605063045,0.5002463384857194)
(0.5144028820043836,0.500324715935563)
(0.48266058541642415,0.4995760151920288)
(0.5133030989573971,0.5007771532952258)
(0.4926066696897673,0.49935837030629127)
(0.48885562165463564,0.49976719254205043)
(0.5017480162558091,0.5000897653186451)
(0.4921305184121733,0.4999229228253282)
(0.48788033692306115,0.49965087234209166)
(0.4959050493044083,0.5008764859668314)
(0.4846184745275454,0.5001669501319791)
(0.5106663892086197,0.5004049915447025)
(0.5140047580080245,0.49976987436407966)
(0.494323575862516,0.49902211457132384)
(0.5110800811044974,0.49879072706400024)
(0.4903577574267593,0.4988509069218112)
(0.47765682552762695,0.5006057526718877)
(0.49535224077361345,0.4993662058915151)
(0.4814112217675683,0.5002406313252984)
(0.5109565099337475,0.5008749053329393)
(0.5079112199094956,0.500144625825947)
(0.49026615668559326,0.5000804294944653)
(0.5038388510766564,0.500098319889971)
(0.4996650402166002,0.49890915888503473)
(0.49039793175425145,0.5001740695847994)
(0.5209715521852452,0.5008478106596563)
(0.49779459020940237,0.5006406965353675)
(0.4875433964427558,0.5008809359962456)
(0.5019402340970774,0.49977361453589925)
(0.49968792541681323,0.5010421454596172)
(0.48933837933313656,0.5007568769831438)
(0.5091642145836408,0.4991561379505389)
(0.5011671137532888,0.4991218756502747)
(0.4906820124445404,0.4999221083383266)
(0.501885550087066,0.5004166171804295)
(0.49402721808136246,0.5003776550745925)
(0.4996200439573646,0.4994577224491606)
(0.4986271905768692,0.4998470797324534)
(0.48739185047344824,0.5000060036994995)
(0.5015649953444135,0.4997952703477057)
(0.5045700443305784,0.5002472707541499)
(0.4967050951143153,0.49990633606875506)
(0.49633849077138825,0.5004731894703253)
(0.4993609502512656,0.4998757597608727)
(0.5080508376039177,0.5002827802462427)
(0.5056645264100194,0.5011927731039819)
(0.48830942575256586,0.5003998141000056)
(0.4964225965051281,0.5000776055584157)
(0.49987439704475933,0.4985843003840745)
(0.5042052969125568,0.5005879027538228)
(0.500747644187931,0.4992573513528769)
(0.5065175118803389,0.4995872515063143)
(0.4875023745021205,0.4996063675003583)
(0.5020224703455791,0.4994228534706611)
(0.5067771451481029,0.4996457913100865)
(0.49022251413152035,0.49944880341699555)
(0.5002892764918336,0.500848306444427)
(0.4904574528836348,0.4993169582602341)
(0.5103644760803769,0.5004371207087519)
(0.4961465542967768,0.49986851673792904)
(0.5016310839547925,0.4987832137217515)
(0.5039923410957827,0.5009566589309835)
(0.5052094018012743,0.49913961826338216)
(0.4737200424305935,0.5005818470921973)
(0.4971775707289756,0.5008417046813026)
(0.5069072481535203,0.5008618058278643)
(0.5073259224629963,0.4991657987441845)
(0.5057377610203749,0.49997560021782955)
(0.5109550326167793,0.5010781529767323)
(0.49554223610318515,0.5005015722043179)
(0.49881393550598807,0.4990181776224675)
(0.5070874421709118,0.5002088045575437)
(0.4873336345944778,0.49959366474167044)
(0.5066962345943428,0.4997529029794609)
(0.48137307703322946,0.5007603830496737)
(0.511404836876569,0.4997726464614303)
(0.48105414852978257,0.500361786608992)
(0.4938312349320132,0.5008664804367956)
(0.5072332518107388,0.4998804207050994)
(0.5152736205624329,0.4995039412089099)
(0.48681692791393044,0.5005408717816431)
(0.5242611403471501,0.5003302857570573)
(0.4901744872853642,0.49894821907239817)
(0.5024719244144994,0.5007160572432642)
(0.49851372297358587,0.4987550864978686)
(0.4965512188658584,0.5003840749964265)
(0.4662476566630271,0.5000267260254222)
(0.49986891663958044,0.4996858663648934)
(0.48806318660871095,0.5003185098248915)
(0.4902298894723145,0.5006778329581255)
(0.5031412854649796,0.49946932261986277)
(0.5026132494463196,0.5002227803977243)
(0.5195474432630826,0.5002557896051065)
(0.5067286166295227,0.5007319523378765)
(0.5139992070844149,0.499005569838435)
(0.5137803824359153,0.49961379706768133)
(0.4847934914204303,0.5007955406292052)
(0.49876254919652596,0.49949587148908353)
(0.5046368183904769,0.5000024021315482)
(0.5097319735404814,0.49953956992673004)
(0.5107989863249482,0.5016381320616499)
(0.4833781572593961,0.5006692522426853)
(0.5080335815210975,0.49980546403531795)
(0.48624664768019427,0.49887201234038114)
(0.5502637204676066,0.5011294065499561)
(0.4933436953095995,0.49895156391223155)
(0.5151585219615692,0.49981540801951224)
(0.4903547359778906,0.5004414320908696)
(0.5038750276401284,0.499428387689841)
(0.4883451534026868,0.5008279394650362)
(0.49700354903047544,0.5004855075873653)
(0.4866677591091792,0.4996421087422151)
(0.5160929531474105,0.5013945478190274)
(0.5092088450256704,0.5010324368756323)
(0.5123372757716556,0.500280121168438)
(0.49961338496626817,0.5004659106443861)
(0.48523454698203927,0.5004144697757716)
(0.4964250612032547,0.5003433892814326)
(0.5116262559323257,0.500268149411502)
(0.49677526330725164,0.4994503840106634)
(0.48509574861925037,0.499267558711522)
(0.5240545895325558,0.5001795151438351)
(0.5073456263935917,0.5009115161109073)
(0.5048292580486115,0.500230728558204)
(0.49630547830829885,0.49959483188795595)
(0.508384563859929,0.4991052076083553)
(0.5030198654918937,0.4989317172584088)
(0.4868698794675265,0.49987918384570135)
(0.4989638929229879,0.500833564171097)
(0.5154114737664985,0.5001007805721951)
(0.4878219802371957,0.4990026509752884)
(0.5098780242614738,0.5012734307608443)
(0.5096887697752933,0.49986770035153305)
(0.5105382409678094,0.49936055263230733)
(0.48768330871910653,0.5009739772815223)
(0.4843818227233365,0.4995576286659882)
(0.4914423698361436,0.5000763546634373)
(0.49711381427517487,0.5001110041079655)
(0.507912557832107,0.4996263575327413)
(0.4833509723681298,0.5000801211337662)
(0.500967864105475,0.5006139442945007)
(0.49809127106937123,0.500459344920647)
(0.48879168283344104,0.49980389205434494)
(0.49781880005625245,0.49927454492121476)
(0.48440225469709874,0.49983889274988824)
(0.5074961529756482,0.500171462638057)
(0.49277713336186507,0.5007258495852072)
(0.523483840419677,0.4994629385477203)
(0.49655081917257154,0.49939919493413626)
(0.5173821251655619,0.4988528936364401)
(0.4825365462630995,0.5012176722726364)
(0.518453354732366,0.5001135767183761)
(0.5047043295148956,0.49856493805542434)
(0.49621782409032783,0.5000780821825838)
(0.4924365716214696,0.500934331387533)
(0.5046111866616814,0.5000626854421376)
(0.5034442538024507,0.49981893096062924)
(0.4972564816708424,0.49947476041089983)
(0.505360886791487,0.499905632423545)
(0.47404775197020765,0.5009659711963488)
(0.4930999387523499,0.5006648586367819)
(0.4781776422423077,0.5009060305597388)
(0.49992504903457774,0.5004120428107739)
(0.4813998411327172,0.5002826160818288)
(0.5060249345601944,0.4992769301619507)
(0.5008104924020613,0.49986713256036236)
(0.5229071923798315,0.5006026403072468)
(0.522884613514034,0.49913374991047577)
(0.4948576678011912,0.5004876607351987)
(0.49420234195082485,0.5007734852624722)
(0.5175141665600835,0.500944294454589)
(0.4882888731583205,0.5009730979364864)
(0.5021670064947662,0.5009616177900431)
(0.49169934619210265,0.49918069533787884)
(0.49742996351892743,0.5007304538108627)
(0.49949503767041703,0.498962874666775)
(0.5151472668396262,0.5000165358708809)
(0.47534144354265573,0.5004872284082587)
(0.4939787860948869,0.500932756073292)
(0.5037311602803207,0.5009797768225204)
(0.5099494047591364,0.5003174118831708)
(0.5048543978970019,0.5000740184587149)
(0.513700501602636,0.5004646778562967)
(0.503291791008453,0.49834941092938734)
(0.49972273586137306,0.4996918522423916)
(0.5083174502920962,0.499760814783123)
(0.5121082737117255,0.5019652680089811)
(0.49405672473671525,0.5002101192738827)
(0.5211853381467949,0.4989484841830005)
(0.5063237525286708,0.5004797712393049)
(0.5003890909044887,0.5003080231239247)
(0.4876837876036424,0.4998702368531485)
(0.5010571995970019,0.5008558283501686)
(0.515404918632942,0.5003178723741356)
(0.487595280854854,0.5007050685666015)
(0.5033092390487055,0.49975857429019416)
(0.49138360733255654,0.49835381473485657)
(0.5046705658116178,0.4984628422418704)
(0.4988459901470696,0.4999841872723862)
(0.505685084914333,0.5006427364160223)
(0.49394550653820957,0.5007390103826763)
(0.4795822972229422,0.5001568951305844)
(0.4880280025921355,0.5001442003148434)
(0.49405633110690417,0.500698324646386)
(0.4968903999917435,0.5007721299608242)
(0.5121661435950914,0.49994318992486514)
(0.5106771597686787,0.500311227478582)
(0.5109298511062013,0.4999230130804474)
(0.4990223829226407,0.49923414786477444)
(0.4959326456652895,0.4997539202045529)
(0.5111531340787587,0.5001248349627742)
(0.4900008127210842,0.499116409722192)
(0.5002491668253084,0.5006946169591825)
(0.4930703588416883,0.5004202650035908)
(0.4963041943831517,0.500374077184)
(0.5232350585310122,0.49967469809470105)
(0.5034145498348258,0.5000634103171893)
(0.5057993918923112,0.49954268671489427)
(0.5158843334303941,0.49990095923428574)
(0.4953058790556958,0.49917644876259226)
(0.4710524641161189,0.5000804070013432)
(0.4925911230149095,0.5007324764202002)
(0.5013712809967571,0.5001629524619436)
(0.5099818997248481,0.4994164309329448)
(0.48450552128554103,0.4994055472207457)
(0.5069426366249496,0.499294620778977)
(0.5261615703327722,0.5008744190760669)
(0.5091300505729333,0.5010706084625559)
(0.5075279898491876,0.49932051432112873)
(0.4892682463550087,0.49941104166989264)
(0.5096616941975606,0.5009303632811212)
(0.49614008305845103,0.49829888080468504)
(0.48949379391461717,0.500212956353278)
(0.5048505761489939,0.5004775331999332)
(0.5047391341782695,0.4987002734885426)
(0.5039747513571939,0.5007379395237127)
(0.49644243032535174,0.5010678077382161)
(0.4888153560739113,0.499642471349324)
(0.5002125588383491,0.5011519360814857)
(0.5221991688717,0.5007712246502112)
(0.4856196964759211,0.4994538201602664)
(0.5067628800203372,0.49986709393753653)
(0.5026530815410066,0.4998721687342376)
(0.4837131192046806,0.5003941384103492)
(0.525735948462278,0.5013667003618086)
(0.509877767771688,0.4995185430842737)
(0.49513460276497584,0.4987497496696568)
(0.5017865044511649,0.4984776667910099)
(0.5034013876852502,0.5003746339117601)
(0.5015809646513191,0.50074727777145)
(0.5047044124353631,0.49918686239426907)
