(0.19872160645243597,0.7945913432471874)
(0.21321509735422095,0.7920271737468435)
(0.1280452525632393,0.8628940171785097)
(0.1240394634626439,0.8790469256462968)
(0.14520109299413345,0.8500467450872533)
(0.10501194408514467,0.8905764028045057)
(0.1697651047270125,0.8359744580820104)
(0.21671536459558868,0.7791283170427312)
(0.12501513153399005,0.877498893996467)
(0.159071170068486,0.8466296315952162)
(0.1428837398225493,0.8345739896476799)
(0.1378521426801719,0.8760575911064916)
(0.2649598581093708,0.7298661789868376)
(0.2238956756298737,0.7745345321750374)
(0.11285258774670026,0.8850550006241887)
(0.22892263080175346,0.7754046504732311)
(0.1728725340531204,0.8335253990223513)
(0.21439612305430414,0.7858002402356512)
(0.17190572174246407,0.833132945640925)
(0.12900138896653626,0.8606230757548966)
(0.09134081517219451,0.9212093155087069)
(0.17209417820102774,0.8247779828968292)
(0.13695585788295014,0.8685150287440407)
(0.20451818323004567,0.7843653360595891)
(0.21279386474177153,0.7837347681260323)
(0.213370706692373,0.78330026621518)
(0.16055951763518236,0.8618055727323363)
(0.1716293612860847,0.8364240470273455)
(0.1917171006425822,0.8055282119455143)
(0.13879364238003258,0.8595838171631824)
(0.13109121666780985,0.8703767627308984)
(0.1490095977868493,0.8497265025847778)
(0.17877424093473848,0.8154991292543885)
(0.22215665508956697,0.7808735423075012)
(0.21924169576573438,0.7877543272422473)
(0.10873028791620358,0.8840620008451568)
(0.20684102290785308,0.8051902618474981)
(0.1289745039649522,0.8683677052506513)
(0.14667235980924714,0.8478073176073545)
(0.2001086381019053,0.7985192779577915)
(0.16414695978699306,0.8373968467114729)
(0.06877640681664698,0.9370558724669031)
(0.164125092067517,0.8575737252511637)
(0.22963297567395322,0.7688207605770775)
(0.10526046368208493,0.9004839663735893)
(0.09914760304799303,0.8974530487876795)
(0.1786533890195549,0.8282318314671687)
(0.11844632604034237,0.8890085300756562)
(0.12683564630533,0.8734290237749803)
(0.24787946240813416,0.7461392624808663)
(0.16415708322425865,0.8352862985873166)
(0.11095619301130938,0.8580397760662445)
(0.11237682684127816,0.8892319770546803)
(0.21101166021867487,0.8007709696317928)
(0.17811630396709985,0.8357912321279076)
(0.16240133930979164,0.8402039381681846)
(0.23035647501925502,0.7707570494247584)
(0.15464252575597312,0.8545448383655213)
(0.19232256051210297,0.8092895615439046)
(0.08806730342323588,0.898082479520459)
(0.19475671821022683,0.8077578178898018)
(0.25655331612957466,0.7399148165588957)
(0.18802276963568038,0.8078527411997121)
(0.03538758346359995,0.9750442106668358)
(0.1834264194666454,0.8227874499207435)
(0.13023204866097765,0.8627571753602513)
(0.2552072775690396,0.7473660695208713)
(0.12225782716556753,0.8699589246540496)
(0.17134245002608545,0.8235141192231008)
(0.17648227383702167,0.820472912589099)
(0.14303367803627676,0.8587773562376492)
(0.13451186251535618,0.869137597801824)
(0.20811708167231482,0.8051380627691416)
(0.17941959697184426,0.8205274393808047)
(0.18338710640254655,0.8335070268967069)
(0.13220784846012762,0.8727747381556678)
(0.10125070044224466,0.9028696297676652)
(0.1977333110068999,0.8091993976867446)
(0.22177763952262775,0.8002607456482793)
(0.1758188056303226,0.8304342127257164)
(0.1047200198067558,0.8839683676175897)
(0.19294053845103515,0.8045322768463868)
(0.19467804374176723,0.8242742843875213)
(0.13684515616615422,0.8575706018134605)
(0.16320081517572022,0.8308337525180113)
(0.07836661032329263,0.91271790759455)
(0.16434057728102172,0.8377415857110898)
(0.19508889024089202,0.8069576328368206)
(0.16988299021609987,0.8318038013017338)
(0.19591790287216868,0.8145884601009518)
(0.16203281421144033,0.8415809401928273)
(0.16353984232051835,0.8421070208729542)
(0.16913663194257617,0.8363957954864195)
(0.18293721058336004,0.8253846309499633)
(0.1868658011487295,0.8098685479385298)
(0.22666808752604753,0.7829103219646522)
(0.2076670304645299,0.7925194771212882)
(0.11980387027807078,0.8844116035464653)
(0.15950359904922717,0.8419263445227466)
(0.23986233944371618,0.7634394205845243)
(0.12146235573919364,0.8841793180081293)
(0.18257624694675784,0.8270308623379936)
(0.0640560242648624,0.9323580055279223)
(0.17054233752935893,0.8284689881176631)
(0.21174685920743208,0.7873780841409687)
(0.20211254501442208,0.7917624015399635)
(0.15105734028974152,0.8498135083116768)
(0.11927609535414152,0.8833158480212547)
(0.19647766700975083,0.8135612041505522)
(0.1120161973705958,0.8875610643412526)
(0.26286659406117807,0.7379776091932311)
(0.2574019486941743,0.7453837580199788)
(0.12781529592629387,0.8639182941536919)
(0.1820529236821794,0.8125512280399152)
(0.22499228109798408,0.7800764626409802)
(0.14567038739002797,0.8478392321372309)
(0.1996484153296417,0.8063210855438565)
(0.10217218467519462,0.8953390926236916)
(0.16441343579869538,0.8323315766063996)
(0.1799017230403496,0.8202225647099207)
(0.20397799520017895,0.8121253854266381)
(0.08517880720942538,0.9144401290423396)
(0.16840393224867153,0.83823556431952)
(0.21194081970309445,0.8064716393202921)
(0.16889475074948848,0.8386804615338973)
(0.1530516519293734,0.8403252439331248)
(0.27128476630730686,0.738646344884572)
(0.12832102172359186,0.8624982794174362)
(0.07323383199975782,0.9264249304757187)
(0.16550851004021314,0.8391519278353942)
(0.14454530560507292,0.8611902578795001)
(0.21328612087925633,0.7911672656262319)
(0.1825480601158855,0.8120608711108226)
(0.2197144589382751,0.7807775765699967)
(0.22233723484573187,0.7820928247521669)
(0.2612138798422413,0.7669547543929768)
(0.1303209957851885,0.8690293069128231)
(0.16159464660507783,0.8405480384936218)
(0.12523158830853767,0.8831633771635232)
(0.10586827673590833,0.8726625479463136)
(0.12399778595381357,0.8943961507348387)
(0.21121745943445708,0.7892339834838075)
(0.10385305074607872,0.8714929078630442)
(0.17488728459378453,0.8215793657433536)
(0.17674358807765517,0.8259590976879483)
(0.19180063720431165,0.8103446679159811)
(0.23082812413808665,0.7689699264040796)
(0.26709687458667863,0.7325775410942402)
(0.14724644950134738,0.8407375955491265)
(0.21812456276218853,0.7974606527117332)
(0.18425137953238144,0.8144600414306606)
(0.23640966183503911,0.7614317792123335)
(0.23571782801044655,0.7680714476577153)
(0.09189963086321881,0.8872761630775725)
(0.17687492207737557,0.8182980130787463)
(0.14532595106746288,0.8523589777450526)
(0.21754547444295208,0.7740177196935603)
(0.1940136675862681,0.8096891240078636)
(0.15470240558947318,0.8361768147072793)
(0.17370017171277902,0.831380343883633)
(0.17682441099739052,0.8092739200143187)
(0.1726145925135988,0.8159241996129316)
(0.23109481599245682,0.7597358508283117)
(0.228244526391922,0.776273360129816)
(0.24207476601184957,0.7691623957191093)
(0.09624890483691192,0.8923515312388725)
(0.17273709241236007,0.8352357363723275)
(0.13551316460523272,0.8641282893776805)
(0.15678167289260803,0.839098903284279)
(0.1053717727244698,0.8946228820523137)
(0.11318557692822816,0.8782094751593241)
(0.17429078299978787,0.8201875542507806)
(0.0773019701237474,0.9150566908103439)
(0.2608480948969824,0.742868535744287)
(0.16992974062120766,0.8278016624214609)
(0.13343448184153087,0.8591578250600413)
(0.12221781548236656,0.8707804290686914)
(0.16744217039358936,0.8440789493596164)
(0.06824326985902426,0.9340787231477974)
(0.25791191615083353,0.7476887011482914)
(0.1599690123703858,0.8451012099071832)
(0.12270945057755325,0.8882732346235345)
(0.10068941550797458,0.8810581367393412)
(0.15721150285570737,0.8414739282478609)
(0.18443210861141865,0.8152835433581291)
(0.09223063758923009,0.9039876150317867)
(0.13664801116817735,0.8403679966778789)
(0.20924168089366174,0.7936493316873503)
(0.13965955018446993,0.8726897355766684)
(0.198983183708835,0.8028075858898429)
(0.18552791422168843,0.8053938182932432)
(0.23206109359237279,0.7718159182102955)
(0.16655025418585842,0.8352308046137371)
(0.21305318497042486,0.7959122490323994)
(0.12825867438834512,0.8795327072218281)
(0.20203423893150801,0.7809862385539973)
(0.170937468418457,0.8234384463000628)
(0.10796060519658814,0.8870539871201736)
(0.07127399539419124,0.933130010589188)
(0.1355055780332873,0.8622252540302532)
(0.20906995594307953,0.7952256694235991)
(0.07391549512199107,0.9223798535033971)
(0.30666643104961994,0.679026529546436)
(0.08470408258307814,0.9097318558471202)
(0.18665158510202023,0.8012675784776496)
(0.12279632506031805,0.8812126924935211)
(0.11631177885233863,0.8800593941672612)
(0.1548408714513304,0.8423416719592463)
(0.1319401567299027,0.8640009568641474)
(0.16007698482149046,0.8371728506434839)
(0.13365226270540034,0.8557629677908395)
(0.19136117909636363,0.8256199972137063)
(0.16639325311911418,0.8299831846631762)
(0.18261705333507652,0.8206286043119003)
(0.15252113942741238,0.8464067896941527)
(0.1716906475209822,0.833009828447849)
(0.15557938204847516,0.8413231161290883)
(0.16205621083653865,0.8569668247375368)
(0.19161555122521048,0.8128830753971256)
(0.17762545991378548,0.8247239597202611)
(0.14940015765488637,0.8519396812867304)
(0.12306296418528141,0.8541300259911169)
(0.09911991036795346,0.8877289587549261)
(0.24694805817920046,0.7618555843044024)
(0.11482979073242355,0.8802602571802898)
(0.215538493902393,0.7686162694506702)
(0.18772951819563652,0.8090756431891993)
(0.18180116881124106,0.8239769620896704)
(0.20070596553819875,0.8050347072637909)
(0.181132639751885,0.8114350600795576)
(0.13203159684042126,0.8692819644748968)
(0.13643508117479167,0.862905655836459)
(0.14505986122142378,0.8459649228935792)
(0.042598368338691045,0.9512549406520759)
(0.19059365756059393,0.7934951882355749)
(0.08675582649484555,0.9084775940692827)
(0.13011133929600455,0.8629424597508699)
(0.1276744510578341,0.8772173787316536)
(0.14431903746597463,0.8580248073629732)
(0.10092236190717828,0.8875628586004605)
(0.2495814525082524,0.7499156638645935)
(0.1407111403717847,0.8578582987114391)
(0.1769305217928216,0.8248219186632546)
(0.20433206867444875,0.7868919951962208)
(0.12165523955131842,0.8893839374972232)
(0.22771818900217872,0.778379931878364)
(0.20111459922299893,0.7965842579977419)
(0.17451380481959083,0.8268415255666619)
(0.17766368348177874,0.8277428401247515)
(0.08766617223504808,0.9147351906427257)
(0.007270350716722143,0.9992856991691034)
(0.211735204297998,0.7983158466630467)
(0.12805705849761956,0.8727277206635896)
(0.24178357980439724,0.7660620427338013)
(0.14485839715065554,0.8554508927036633)
(0.24034776506215247,0.7705797107219058)
(0.20601424453506254,0.7987590291154262)
(0.19629450482689087,0.8050581336506797)
(0.21612536311515723,0.7867495822769034)
(0.17596329023417326,0.828522149712598)
(0.22274264679534017,0.7790571102232164)
(0.22035570949908764,0.782255667317089)
(0.09916440590788518,0.9129812023989277)
(0.14796012611464426,0.8476096326661384)
(0.10048848502416381,0.9006248682523793)
(0.15313386292175607,0.85046593180118)
(0.08790772806034118,0.9048655133351049)
(0.18146148238282295,0.8232437417462171)
(0.1829287773492129,0.8202836601650644)
(0.15476419805685873,0.8340866790416002)
(0.16647468500076698,0.8462702626257775)
(0.2565697973904813,0.7510987075343073)
(0.10111502902421482,0.907080616953034)
(0.19195838378314536,0.8122437087710093)
(0.14304474020516933,0.861289024135406)
(0.17755584217139825,0.8312169054833588)
(0.15429039099507819,0.8364430020471497)
(0.15630944083817963,0.8452856852702019)
(0.11318506083872977,0.8923592577723145)
(0.15147199839964046,0.8479158366580851)
(0.15515858170449814,0.8641848676663656)
(0.1572397125501686,0.8380482939470582)
(0.07160536926573768,0.9140578852145432)
(0.19181606861139447,0.8115226221304986)
(0.27156516534955416,0.7326110316385651)
(0.252134293055426,0.7379212932100282)
(0.29128137600894816,0.6955727051435957)
(0.19273577792452876,0.80878900160068)
(0.12790125693880783,0.8709232555036577)
(0.19501889831396205,0.8157271383245749)
(0.22055745766770965,0.7725528323903409)
(0.1756961154167394,0.8162050260616517)
(0.1361448727197738,0.8491034278014672)
(0.15708310040275927,0.8304346533957492)
(0.15245771770172653,0.8444506433136788)
(0.13944474772158444,0.8591562575165965)
(0.1568964812586892,0.8247223007653932)
(0.18125357760446414,0.8265493765699365)
(0.15323081769989066,0.8378039544096385)
(0.19327183495461564,0.806407667966067)
